Initial marking: 8Pool 
Rewards:
Pool
P1
A1
P2
A2
P3
A3
Ph1
Ph2
Ph3
Ph4
If(Pool==0,1,0)
If(A1>0,1,0)
If(A2>0,1,0)
If(A3>0,1,0)

--- Transient Reward Values ---
Time 0,00: 8,00000 0,00000 0,00000 0,00000 0,00000 0,00000 0,00000 0,00000 0,00000 0,00000 0,00000 0,00000 0,00000 0,00000 0,00000 
Time 0,10: 7,97000 0,00952 0,00042 0,01428 0,00070 0,00476 0,00023 0,00004 0,00001 0,00001 0,00002 0,00000 0,00042 0,00070 0,00023 
Time 0,20: 7,94001 0,01814 0,00144 0,02722 0,00260 0,00907 0,00087 0,00028 0,00010 0,00010 0,00016 0,00000 0,00144 0,00260 0,00087 
Time 0,30: 7,91007 0,02595 0,00279 0,03896 0,00547 0,01297 0,00184 0,00088 0,00031 0,00030 0,00048 0,00000 0,00279 0,00546 0,00184 
Time 0,40: 7,88020 0,03305 0,00429 0,04963 0,00907 0,01650 0,00306 0,00192 0,00064 0,00063 0,00101 0,00000 0,00428 0,00904 0,00306 
Time 0,50: 7,85045 0,03949 0,00583 0,05934 0,01324 0,01971 0,00448 0,00348 0,00112 0,00108 0,00178 0,00000 0,00581 0,01318 0,00447 
Time 0,60: 7,82086 0,04535 0,00734 0,06819 0,01783 0,02262 0,00604 0,00559 0,00174 0,00166 0,00278 0,00000 0,00731 0,01772 0,00603 
Time 0,70: 7,79146 0,05068 0,00879 0,07627 0,02272 0,02526 0,00772 0,00827 0,00249 0,00235 0,00400 0,00000 0,00875 0,02253 0,00769 
Time 0,80: 7,76231 0,05554 0,01016 0,08365 0,02779 0,02765 0,00946 0,01151 0,00337 0,00313 0,00543 0,00000 0,01011 0,02750 0,00943 
Time 0,90: 7,73344 0,05996 0,01144 0,09040 0,03296 0,02983 0,01124 0,01533 0,00436 0,00400 0,00704 0,00000 0,01136 0,03256 0,01120 
Time 1,00: 7,70488 0,06400 0,01262 0,09659 0,03817 0,03181 0,01305 0,01968 0,00546 0,00494 0,00881 0,00000 0,01252 0,03762 0,01298 
Time 1,10: 7,67665 0,06769 0,01370 0,10226 0,04336 0,03360 0,01485 0,02456 0,00665 0,00594 0,01073 0,00000 0,01359 0,04264 0,01476 
Time 1,20: 7,64879 0,07107 0,01469 0,10747 0,04847 0,03524 0,01663 0,02995 0,00794 0,00699 0,01277 0,00000 0,01456 0,04756 0,01652 
Time 1,30: 7,62132 0,07415 0,01560 0,11226 0,05348 0,03673 0,01838 0,03580 0,00931 0,00807 0,01491 0,00000 0,01545 0,05236 0,01824 
Time 1,40: 7,59425 0,07698 0,01643 0,11667 0,05835 0,03808 0,02008 0,04209 0,01076 0,00917 0,01713 0,00000 0,01626 0,05701 0,01992 
Time 1,50: 7,56760 0,07957 0,01719 0,12074 0,06307 0,03932 0,02174 0,04878 0,01227 0,01030 0,01942 0,00000 0,01699 0,06149 0,02155 
Time 1,60: 7,54139 0,08195 0,01788 0,12448 0,06761 0,04044 0,02334 0,05586 0,01385 0,01144 0,02176 0,00000 0,01766 0,06578 0,02312 
Time 1,70: 7,51563 0,08413 0,01851 0,12794 0,07197 0,04147 0,02488 0,06328 0,01548 0,01258 0,02413 0,00000 0,01827 0,06987 0,02463 
Time 1,80: 7,49032 0,08613 0,01909 0,13114 0,07614 0,04240 0,02635 0,07101 0,01717 0,01372 0,02652 0,00000 0,01883 0,07377 0,02607 
Time 1,90: 7,46548 0,08797 0,01961 0,13410 0,08011 0,04326 0,02776 0,07903 0,01890 0,01486 0,02892 0,00000 0,01933 0,07747 0,02745 
Time 2,00: 7,44109 0,08966 0,02009 0,13684 0,08388 0,04404 0,02911 0,08730 0,02067 0,01599 0,03132 0,00000 0,01979 0,08097 0,02875 
Time 2,10: 7,41717 0,09122 0,02053 0,13938 0,08746 0,04475 0,03038 0,09580 0,02248 0,01711 0,03370 0,00000 0,02021 0,08427 0,03000 
Time 2,20: 7,39372 0,09266 0,02093 0,14174 0,09085 0,04540 0,03159 0,10451 0,02432 0,01822 0,03606 0,00000 0,02060 0,08738 0,03117 
Time 2,30: 7,37073 0,09398 0,02130 0,14393 0,09404 0,04599 0,03274 0,11339 0,02619 0,01931 0,03840 0,00000 0,02095 0,09030 0,03228 
Time 2,40: 7,34820 0,09520 0,02163 0,14596 0,09706 0,04654 0,03382 0,12243 0,02808 0,02039 0,04069 0,00000 0,02127 0,09304 0,03333 
Time 2,50: 7,32613 0,09633 0,02194 0,14785 0,09989 0,04703 0,03484 0,13160 0,02999 0,02144 0,04295 0,00000 0,02156 0,09561 0,03431 
Time 2,60: 7,30452 0,09737 0,02222 0,14961 0,10256 0,04749 0,03580 0,14088 0,03192 0,02248 0,04516 0,00000 0,02183 0,09802 0,03524 
Time 2,70: 7,28335 0,09833 0,02248 0,15125 0,10506 0,04790 0,03670 0,15026 0,03386 0,02349 0,04732 0,00000 0,02207 0,10027 0,03611 
Time 2,80: 7,26262 0,09922 0,02272 0,15278 0,10740 0,04829 0,03754 0,15971 0,03580 0,02448 0,04943 0,00000 0,02230 0,10237 0,03692 
Time 2,90: 7,24233 0,10004 0,02294 0,15420 0,10959 0,04863 0,03833 0,16923 0,03776 0,02545 0,05149 0,00000 0,02250 0,10433 0,03768 
Time 3,00: 7,22246 0,10080 0,02314 0,15553 0,11165 0,04895 0,03908 0,17879 0,03971 0,02639 0,05348 0,00000 0,02269 0,10615 0,03840 
Time 3,10: 7,20302 0,10150 0,02332 0,15678 0,11357 0,04925 0,03977 0,18839 0,04167 0,02732 0,05542 0,00000 0,02286 0,10786 0,03906 
Time 3,20: 7,18398 0,10216 0,02349 0,15794 0,11536 0,04952 0,04042 0,19801 0,04362 0,02821 0,05730 0,00000 0,02302 0,10944 0,03968 
Time 3,30: 7,16534 0,10276 0,02365 0,15902 0,11703 0,04976 0,04102 0,20763 0,04556 0,02909 0,05912 0,00000 0,02317 0,11091 0,04026 
Time 3,40: 7,14710 0,10333 0,02379 0,16004 0,11859 0,04999 0,04159 0,21726 0,04750 0,02994 0,06087 0,00000 0,02330 0,11228 0,04080 
Time 3,50: 7,12924 0,10385 0,02392 0,16099 0,12005 0,05020 0,04211 0,22688 0,04942 0,03077 0,06257 0,00001 0,02343 0,11355 0,04130 
Time 3,60: 7,11176 0,10433 0,02405 0,16188 0,12140 0,05039 0,04260 0,23648 0,05134 0,03157 0,06420 0,00001 0,02354 0,11474 0,04177 
Time 3,70: 7,09464 0,10478 0,02416 0,16271 0,12267 0,05056 0,04306 0,24605 0,05323 0,03235 0,06578 0,00001 0,02365 0,11584 0,04220 
Time 3,80: 7,07788 0,10520 0,02426 0,16349 0,12384 0,05073 0,04348 0,25559 0,05512 0,03311 0,06729 0,00001 0,02374 0,11686 0,04261 
Time 3,90: 7,06146 0,10559 0,02436 0,16422 0,12494 0,05087 0,04388 0,26510 0,05698 0,03385 0,06875 0,00001 0,02383 0,11780 0,04298 
Time 4,00: 7,04538 0,10595 0,02445 0,16491 0,12596 0,05101 0,04424 0,27456 0,05882 0,03456 0,07015 0,00001 0,02391 0,11868 0,04333 
Time 4,10: 7,02964 0,10628 0,02453 0,16556 0,12691 0,05113 0,04458 0,28397 0,06065 0,03525 0,07149 0,00001 0,02399 0,11950 0,04365 
Time 4,20: 7,01421 0,10660 0,02461 0,16617 0,12779 0,05125 0,04490 0,29333 0,06245 0,03593 0,07278 0,00001 0,02406 0,12026 0,04395 
Time 4,30: 6,99909 0,10689 0,02468 0,16674 0,12861 0,05136 0,04519 0,30263 0,06423 0,03657 0,07402 0,00002 0,02413 0,12096 0,04423 
Time 4,40: 6,98427 0,10716 0,02474 0,16727 0,12937 0,05145 0,04546 0,31187 0,06598 0,03720 0,07520 0,00002 0,02419 0,12161 0,04449 
Time 4,50: 6,96975 0,10741 0,02481 0,16778 0,13008 0,05154 0,04571 0,32105 0,06771 0,03781 0,07634 0,00002 0,02424 0,12222 0,04472 
Time 4,60: 6,95551 0,10765 0,02486 0,16825 0,13074 0,05163 0,04595 0,33017 0,06942 0,03840 0,07742 0,00002 0,02429 0,12278 0,04494 
Time 4,70: 6,94155 0,10787 0,02491 0,16870 0,13136 0,05170 0,04616 0,33922 0,07109 0,03897 0,07846 0,00002 0,02434 0,12330 0,04515 
Time 4,80: 6,92785 0,10807 0,02496 0,16912 0,13193 0,05177 0,04636 0,34820 0,07274 0,03953 0,07945 0,00003 0,02439 0,12378 0,04534 
Time 4,90: 6,91442 0,10826 0,02501 0,16951 0,13246 0,05184 0,04655 0,35712 0,07437 0,04006 0,08040 0,00003 0,02443 0,12423 0,04551 
Time 5,00: 6,90124 0,10844 0,02505 0,16988 0,13296 0,05190 0,04672 0,36596 0,07597 0,04057 0,08130 0,00003 0,02447 0,12465 0,04567 
Time 5,10: 6,88831 0,10861 0,02509 0,17024 0,13342 0,05195 0,04688 0,37473 0,07754 0,04107 0,08217 0,00003 0,02450 0,12504 0,04582 
Time 5,20: 6,87562 0,10877 0,02513 0,17057 0,13385 0,05200 0,04702 0,38343 0,07908 0,04155 0,08299 0,00004 0,02454 0,12540 0,04596 
Time 5,30: 6,86315 0,10891 0,02516 0,17088 0,13424 0,05205 0,04716 0,39205 0,08059 0,04202 0,08378 0,00004 0,02457 0,12573 0,04609 
Time 5,40: 6,85091 0,10905 0,02519 0,17117 0,13461 0,05209 0,04728 0,40060 0,08208 0,04247 0,08453 0,00004 0,02459 0,12604 0,04620 
Time 5,50: 6,83889 0,10917 0,02522 0,17145 0,13496 0,05213 0,04740 0,40908 0,08353 0,04290 0,08525 0,00005 0,02462 0,12633 0,04631 
Time 5,60: 6,82709 0,10929 0,02525 0,17171 0,13528 0,05217 0,04751 0,41749 0,08496 0,04332 0,08593 0,00005 0,02465 0,12660 0,04641 
Time 5,70: 6,81548 0,10940 0,02527 0,17196 0,13558 0,05220 0,04761 0,42582 0,08637 0,04373 0,08658 0,00006 0,02467 0,12685 0,04651 
Time 5,80: 6,80408 0,10951 0,02530 0,17219 0,13586 0,05224 0,04770 0,43407 0,08774 0,04412 0,08720 0,00006 0,02469 0,12708 0,04659 
Time 5,90: 6,79287 0,10961 0,02532 0,17241 0,13612 0,05226 0,04778 0,44226 0,08909 0,04449 0,08779 0,00007 0,02471 0,12730 0,04667 
Time 6,00: 6,78184 0,10970 0,02534 0,17262 0,13636 0,05229 0,04786 0,45037 0,09040 0,04486 0,08835 0,00007 0,02473 0,12750 0,04674 
Time 6,10: 6,77100 0,10978 0,02536 0,17282 0,13659 0,05232 0,04793 0,45841 0,09170 0,04521 0,08888 0,00008 0,02475 0,12768 0,04681 
Time 6,20: 6,76034 0,10986 0,02538 0,17301 0,13680 0,05234 0,04800 0,46638 0,09296 0,04555 0,08939 0,00008 0,02476 0,12786 0,04687 
Time 6,30: 6,74985 0,10994 0,02539 0,17318 0,13700 0,05236 0,04806 0,47428 0,09420 0,04587 0,08987 0,00009 0,02478 0,12802 0,04693 
Time 6,40: 6,73952 0,11001 0,02541 0,17335 0,13718 0,05238 0,04812 0,48211 0,09541 0,04619 0,09033 0,00009 0,02479 0,12817 0,04698 
Time 6,50: 6,72936 0,11007 0,02542 0,17351 0,13735 0,05240 0,04817 0,48987 0,09659 0,04649 0,09077 0,00010 0,02480 0,12831 0,04703 
Time 6,60: 6,71935 0,11013 0,02544 0,17365 0,13751 0,05241 0,04822 0,49756 0,09775 0,04678 0,09119 0,00010 0,02482 0,12844 0,04708 
Time 6,70: 6,70950 0,11019 0,02545 0,17379 0,13766 0,05243 0,04826 0,50518 0,09889 0,04707 0,09158 0,00011 0,02483 0,12857 0,04712 
Time 6,80: 6,69979 0,11024 0,02546 0,17393 0,13780 0,05244 0,04830 0,51273 0,10000 0,04734 0,09196 0,00012 0,02484 0,12868 0,04716 
Time 6,90: 6,69023 0,11029 0,02547 0,17405 0,13793 0,05246 0,04834 0,52022 0,10108 0,04760 0,09232 0,00012 0,02485 0,12879 0,04719 
Time 7,00: 6,68081 0,11034 0,02548 0,17417 0,13805 0,05247 0,04837 0,52764 0,10214 0,04785 0,09266 0,00013 0,02486 0,12889 0,04723 
Time 7,10: 6,67153 0,11039 0,02549 0,17428 0,13817 0,05248 0,04841 0,53500 0,10318 0,04810 0,09298 0,00014 0,02487 0,12898 0,04726 
Time 7,20: 6,66238 0,11043 0,02550 0,17439 0,13828 0,05249 0,04844 0,54229 0,10419 0,04833 0,09329 0,00015 0,02487 0,12907 0,04728 
Time 7,30: 6,65335 0,11047 0,02551 0,17449 0,13838 0,05250 0,04846 0,54952 0,10518 0,04856 0,09358 0,00015 0,02488 0,12915 0,04731 
Time 7,40: 6,64446 0,11050 0,02552 0,17459 0,13847 0,05251 0,04849 0,55669 0,10614 0,04877 0,09386 0,00016 0,02489 0,12923 0,04733 
Time 7,50: 6,63568 0,11054 0,02552 0,17468 0,13856 0,05252 0,04851 0,56379 0,10709 0,04898 0,09412 0,00017 0,02490 0,12930 0,04735 
Time 7,60: 6,62703 0,11057 0,02553 0,17476 0,13864 0,05252 0,04853 0,57084 0,10801 0,04919 0,09438 0,00018 0,02490 0,12936 0,04737 
Time 7,70: 6,61848 0,11060 0,02554 0,17484 0,13872 0,05253 0,04855 0,57783 0,10891 0,04938 0,09461 0,00019 0,02491 0,12943 0,04739 
Time 7,80: 6,61006 0,11063 0,02554 0,17492 0,13879 0,05254 0,04857 0,58475 0,10979 0,04957 0,09484 0,00020 0,02491 0,12948 0,04741 
Time 7,90: 6,60174 0,11065 0,02555 0,17499 0,13886 0,05254 0,04859 0,59162 0,11065 0,04975 0,09506 0,00021 0,02492 0,12954 0,04742 
Time 8,00: 6,59353 0,11068 0,02555 0,17506 0,13892 0,05255 0,04860 0,59843 0,11149 0,04992 0,09526 0,00021 0,02492 0,12959 0,04744 
Time 8,10: 6,58542 0,11070 0,02556 0,17513 0,13898 0,05255 0,04862 0,60519 0,11231 0,05009 0,09545 0,00022 0,02493 0,12964 0,04745 
Time 8,20: 6,57741 0,11072 0,02556 0,17519 0,13903 0,05256 0,04863 0,61189 0,11311 0,05025 0,09564 0,00023 0,02493 0,12968 0,04746 
Time 8,30: 6,56950 0,11074 0,02557 0,17525 0,13909 0,05256 0,04864 0,61854 0,11389 0,05041 0,09581 0,00025 0,02493 0,12972 0,04748 
Time 8,40: 6,56169 0,11076 0,02557 0,17530 0,13914 0,05256 0,04866 0,62513 0,11466 0,05055 0,09598 0,00026 0,02494 0,12976 0,04749 
Time 8,50: 6,55397 0,11078 0,02558 0,17535 0,13918 0,05257 0,04867 0,63167 0,11540 0,05070 0,09614 0,00027 0,02494 0,12980 0,04750 
Time 8,60: 6,54635 0,11079 0,02558 0,17540 0,13923 0,05257 0,04868 0,63815 0,11613 0,05084 0,09629 0,00028 0,02495 0,12984 0,04750 
Time 8,70: 6,53881 0,11081 0,02558 0,17545 0,13927 0,05257 0,04868 0,64459 0,11684 0,05097 0,09643 0,00029 0,02495 0,12987 0,04751 
Time 8,80: 6,53136 0,11082 0,02559 0,17549 0,13930 0,05258 0,04869 0,65097 0,11753 0,05110 0,09657 0,00030 0,02495 0,12990 0,04752 
Time 8,90: 6,52399 0,11084 0,02559 0,17554 0,13934 0,05258 0,04870 0,65731 0,11820 0,05122 0,09669 0,00031 0,02495 0,12993 0,04753 
Time 9,00: 6,51671 0,11085 0,02559 0,17557 0,13937 0,05258 0,04871 0,66359 0,11886 0,05134 0,09682 0,00032 0,02496 0,12996 0,04753 
Time 9,10: 6,50951 0,11086 0,02559 0,17561 0,13941 0,05258 0,04871 0,66983 0,11951 0,05145 0,09693 0,00034 0,02496 0,12998 0,04754 
Time 9,20: 6,50238 0,11087 0,02560 0,17565 0,13944 0,05259 0,04872 0,67602 0,12013 0,05156 0,09704 0,00035 0,02496 0,13000 0,04754 
Time 9,30: 6,49534 0,11088 0,02560 0,17568 0,13946 0,05259 0,04872 0,68216 0,12075 0,05167 0,09715 0,00036 0,02496 0,13003 0,04755 
Time 9,40: 6,48836 0,11089 0,02560 0,17571 0,13949 0,05259 0,04873 0,68826 0,12135 0,05177 0,09725 0,00038 0,02496 0,13005 0,04755 
Time 9,50: 6,48147 0,11090 0,02560 0,17574 0,13952 0,05259 0,04873 0,69431 0,12193 0,05187 0,09734 0,00039 0,02497 0,13007 0,04756 
Time 9,60: 6,47464 0,11091 0,02560 0,17577 0,13954 0,05259 0,04874 0,70032 0,12250 0,05196 0,09743 0,00040 0,02497 0,13009 0,04756 
Time 9,70: 6,46789 0,11091 0,02560 0,17580 0,13956 0,05259 0,04874 0,70628 0,12305 0,05205 0,09752 0,00042 0,02497 0,13010 0,04757 
Time 9,80: 6,46120 0,11092 0,02561 0,17582 0,13958 0,05259 0,04874 0,71220 0,12360 0,05214 0,09760 0,00043 0,02497 0,13012 0,04757 
Time 9,90: 6,45458 0,11093 0,02561 0,17584 0,13960 0,05259 0,04875 0,71807 0,12412 0,05222 0,09767 0,00045 0,02497 0,13014 0,04757 

Media transiente If(Pool==0): 0,00010

Stima dimensione state space: 6561
