=== INITIAL MARKING ===
P1 P2 P3 W11 W12 W13 W14 W21 2W22 3W23 4W24 4W31 3W32 2W33 W34 8Pool 20WDiv 8Rate1 12Rate2 4Rate3 5BphDiv 20RateDiv 

--- TRANSIENT REWARDS ---
t   Pool    Ph1     Ph2     Ph3     Ph4 
0,0 8,00000 0,00000 0,00000 0,00000 0,00000 
0,1 7,88143 0,02376 0,02768 0,03160 0,03552 
0,2 7,76566 0,04705 0,05474 0,06243 0,07012 
0,3 7,65262 0,06988 0,08119 0,09250 0,10381 
0,4 7,54224 0,09226 0,10705 0,12183 0,13662 
0,5 7,43446 0,11420 0,13232 0,15045 0,16858 
0,6 7,32919 0,13570 0,15703 0,17837 0,19971 
0,7 7,22639 0,15677 0,18119 0,20561 0,23003 
0,8 7,12598 0,17743 0,20481 0,23220 0,25958 
0,9 7,02790 0,19768 0,22791 0,25814 0,28837 
1,0 6,93210 0,21752 0,25049 0,28346 0,31643 
1,1 6,83852 0,23698 0,27257 0,30817 0,34376 
1,2 6,74709 0,25604 0,29417 0,33229 0,37041 
1,3 6,65778 0,27473 0,31528 0,35583 0,39638 
1,4 6,57051 0,29305 0,33593 0,37881 0,42169 
1,5 6,48526 0,31101 0,35613 0,40124 0,44636 
1,6 6,40196 0,32861 0,37588 0,42314 0,47041 
1,7 6,32057 0,34586 0,39519 0,44453 0,49386 
1,8 6,24104 0,36276 0,41408 0,46540 0,51672 
1,9 6,16334 0,37932 0,43255 0,48578 0,53900 
2,0 6,08741 0,39556 0,45062 0,50568 0,56073 
2,1 6,01323 0,41147 0,46828 0,52510 0,58192 
2,2 5,94074 0,42706 0,48556 0,54407 0,60257 
2,3 5,86992 0,44233 0,50246 0,56258 0,62271 
2,4 5,80072 0,45729 0,51898 0,58066 0,64235 
2,5 5,73312 0,47195 0,53513 0,59831 0,66149 
2,6 5,66707 0,48631 0,55092 0,61554 0,68015 
2,7 5,60255 0,50038 0,56637 0,63236 0,69835 
2,8 5,53951 0,51415 0,58147 0,64878 0,71609 
2,9 5,47794 0,52765 0,59622 0,66480 0,73338 
3,0 5,41780 0,54086 0,61065 0,68045 0,75024 
3,1 5,35907 0,55379 0,62475 0,69571 0,76667 
3,2 5,30170 0,56646 0,63854 0,71061 0,78269 
3,3 5,24568 0,57886 0,65201 0,72515 0,79830 
3,4 5,19098 0,59100 0,66517 0,73934 0,81351 
3,5 5,13757 0,60287 0,67803 0,75319 0,82834 
3,6 5,08542 0,61450 0,69060 0,76669 0,84279 
3,7 5,03451 0,62587 0,70287 0,77987 0,85687 
3,8 4,98482 0,63700 0,71486 0,79273 0,87059 
3,9 4,93631 0,64789 0,72658 0,80527 0,88395 
4,0 4,88897 0,65854 0,73802 0,81750 0,89697 
4,1 4,84276 0,66896 0,74919 0,82942 0,90965 
4,2 4,79768 0,67915 0,76010 0,84106 0,92201 
4,3 4,75369 0,68912 0,77076 0,85240 0,93404 
4,4 4,71077 0,69886 0,78116 0,86346 0,94576 
4,5 4,66889 0,70838 0,79131 0,87424 0,95717 
4,6 4,62805 0,71770 0,80122 0,88475 0,96828 
4,7 4,58820 0,72680 0,81090 0,89500 0,97910 
4,8 4,54934 0,73570 0,82034 0,90499 0,98963 
4,9 4,51144 0,74439 0,82956 0,91472 0,99989 
5,0 4,47448 0,75289 0,83855 0,92421 1,00987 
5,1 4,43844 0,76119 0,84732 0,93345 1,01958 
5,2 4,40331 0,76930 0,85588 0,94246 1,02904 
5,3 4,36905 0,77723 0,86423 0,95124 1,03825 
5,4 4,33564 0,78497 0,87238 0,95979 1,04721 
5,5 4,30309 0,79253 0,88033 0,96813 1,05592 
5,6 4,27135 0,79992 0,88808 0,97624 1,06441 
5,7 4,24041 0,80713 0,89564 0,98415 1,07266 
5,8 4,21026 0,81417 0,90301 0,99185 1,08069 
5,9 4,18088 0,82105 0,91020 0,99936 1,08851 
6,0 4,15224 0,82777 0,91722 1,00666 1,09611 
6,1 4,12434 0,83433 0,92405 1,01378 1,10350 
6,2 4,09715 0,84073 0,93072 1,02071 1,11070 
6,3 4,07065 0,84698 0,93722 1,02746 1,11770 
6,4 4,04484 0,85308 0,94355 1,03403 1,12450 
6,5 4,01969 0,85903 0,94973 1,04043 1,13112 
6,6 3,99519 0,86484 0,95575 1,04666 1,13756 
6,7 3,97132 0,87051 0,96162 1,05272 1,14383 
6,8 3,94807 0,87605 0,96734 1,05863 1,14992 
6,9 3,92542 0,88145 0,97291 1,06438 1,15584 
7,0 3,90336 0,88672 0,97835 1,06997 1,16160 
7,1 3,88187 0,89186 0,98364 1,07542 1,16720 
7,2 3,86094 0,89688 0,98880 1,08073 1,17265 
7,3 3,84056 0,90177 0,99383 1,08589 1,17795 
7,4 3,82070 0,90655 0,99873 1,09092 1,18310 
7,5 3,80137 0,91121 1,00351 1,09581 1,18811 
7,6 3,78254 0,91575 1,00816 1,10057 1,19298 
7,7 3,76420 0,92019 1,01269 1,10520 1,19771 
7,8 3,74634 0,92451 1,01711 1,10971 1,20232 
7,9 3,72895 0,92873 1,02142 1,11411 1,20679 
8,0 3,71202 0,93284 1,02561 1,11838 1,21115 
8,1 3,69553 0,93686 1,02970 1,12254 1,21538 
8,2 3,67947 0,94077 1,03368 1,12658 1,21949 
8,3 3,66384 0,94459 1,03756 1,13052 1,22349 
8,4 3,64862 0,94831 1,04133 1,13436 1,22738 
8,5 3,63379 0,95194 1,04501 1,13809 1,23116 
8,6 3,61936 0,95548 1,04860 1,14172 1,23484 
8,7 3,60531 0,95893 1,05209 1,14525 1,23841 
8,8 3,59163 0,96230 1,05550 1,14869 1,24189 
8,9 3,57830 0,96558 1,05881 1,15204 1,24526 
9,0 3,56534 0,96878 1,06204 1,15529 1,24855 
9,1 3,55271 0,97190 1,06518 1,15846 1,25174 
9,2 3,54041 0,97495 1,06825 1,16155 1,25484 
9,3 3,52844 0,97791 1,07123 1,16455 1,25786 
9,4 3,51679 0,98081 1,07414 1,16747 1,26080 
9,5 3,50544 0,98363 1,07697 1,17031 1,26365 
9,6 3,49440 0,98638 1,07973 1,17307 1,26642 
9,7 3,48364 0,98906 1,08241 1,17577 1,26912 
9,8 3,47317 0,99167 1,08503 1,17838 1,27174 
9,9 3,46298 0,99422 1,08758 1,18093 1,27429 
10,0 3,45306 0,99670 1,09006 1,18341 1,27677 
10,1 3,44339 0,99913 1,09248 1,18583 1,27918 
10,2 3,43399 1,00149 1,09483 1,18817 1,28152 
10,3 3,42483 1,00379 1,09712 1,19046 1,28380 
10,4 3,41591 1,00603 1,09936 1,19268 1,28601 
10,5 3,40723 1,00822 1,10153 1,19485 1,28816 
10,6 3,39878 1,01035 1,10365 1,19695 1,29026 
10,7 3,39055 1,01243 1,10572 1,19900 1,29229 
10,8 3,38254 1,01445 1,10773 1,20100 1,29427 
10,9 3,37475 1,01643 1,10968 1,20294 1,29620 
11,0 3,36715 1,01835 1,11159 1,20483 1,29807 
11,1 3,35976 1,02023 1,11345 1,20667 1,29989 
11,2 3,35257 1,02206 1,11526 1,20846 1,30166 
11,3 3,34556 1,02384 1,11702 1,21020 1,30338 
11,4 3,33874 1,02558 1,11874 1,21189 1,30505 
11,5 3,33210 1,02727 1,12041 1,21354 1,30668 
11,6 3,32563 1,02892 1,12203 1,21515 1,30826 
11,7 3,31934 1,03053 1,12362 1,21671 1,30980 
11,8 3,31321 1,03210 1,12516 1,21823 1,31130 
11,9 3,30724 1,03363 1,12667 1,21971 1,31275 
12,0 3,30143 1,03512 1,12813 1,22115 1,31417 
12,1 3,29577 1,03657 1,12956 1,22255 1,31554 
12,2 3,29026 1,03799 1,13095 1,22392 1,31688 
12,3 3,28490 1,03937 1,13230 1,22524 1,31818 
12,4 3,27968 1,04071 1,13362 1,22654 1,31945 
12,5 3,27460 1,04202 1,13491 1,22779 1,32068 
12,6 3,26965 1,04330 1,13616 1,22902 1,32188 
12,7 3,26483 1,04454 1,13738 1,23021 1,32304 
12,8 3,26013 1,04576 1,13856 1,23137 1,32418 
12,9 3,25556 1,04694 1,13972 1,23250 1,32528 
13,0 3,25111 1,04809 1,14084 1,23360 1,32635 
13,1 3,24678 1,04921 1,14194 1,23467 1,32739 
13,2 3,24256 1,05031 1,14301 1,23571 1,32841 
13,3 3,23846 1,05138 1,14405 1,23672 1,32939 
13,4 3,23446 1,05242 1,14506 1,23771 1,33035 
13,5 3,23056 1,05343 1,14605 1,23867 1,33129 
13,6 3,22677 1,05442 1,14701 1,23960 1,33220 
13,7 3,22308 1,05538 1,14795 1,24051 1,33308 
13,8 3,21948 1,05632 1,14886 1,24140 1,33394 
13,9 3,21598 1,05723 1,14975 1,24226 1,33478 
14,0 3,21257 1,05812 1,15061 1,24310 1,33559 
14,1 3,20925 1,05899 1,15146 1,24392 1,33638 
14,2 3,20601 1,05984 1,15228 1,24471 1,33715 
14,3 3,20287 1,06067 1,15308 1,24549 1,33790 
14,4 3,19980 1,06147 1,15386 1,24624 1,33863 
14,5 3,19681 1,06225 1,15461 1,24698 1,33934 
14,6 3,19390 1,06302 1,15535 1,24769 1,34003 
14,7 3,19107 1,06376 1,15607 1,24839 1,34070 
14,8 3,18832 1,06449 1,15678 1,24906 1,34135 
14,9 3,18563 1,06519 1,15746 1,24972 1,34199 
15,0 3,18301 1,06588 1,15812 1,25037 1,34261 
15,1 3,18047 1,06655 1,15877 1,25099 1,34321 
15,2 3,17799 1,06721 1,15940 1,25160 1,34380 
15,3 3,17557 1,06785 1,16002 1,25219 1,34437 
15,4 3,17322 1,06847 1,16062 1,25277 1,34492 
15,5 3,17093 1,06907 1,16120 1,25333 1,34546 
15,6 3,16869 1,06967 1,16177 1,25388 1,34599 
15,7 3,16652 1,07024 1,16233 1,25441 1,34650 
15,8 3,16440 1,07080 1,16287 1,25493 1,34700 
15,9 3,16234 1,07135 1,16339 1,25544 1,34748 
16,0 3,16033 1,07188 1,16390 1,25593 1,34795 
16,1 3,15838 1,07240 1,16440 1,25641 1,34841 
16,2 3,15647 1,07291 1,16489 1,25687 1,34886 
16,3 3,15462 1,07340 1,16536 1,25733 1,34929 
16,4 3,15281 1,07388 1,16582 1,25777 1,34971 
16,5 3,15105 1,07435 1,16627 1,25820 1,35012 
16,6 3,14934 1,07481 1,16671 1,25862 1,35053 
16,7 3,14767 1,07525 1,16714 1,25903 1,35092 
16,8 3,14604 1,07568 1,16755 1,25942 1,35129 
16,9 3,14446 1,07611 1,16796 1,25981 1,35166 
17,0 3,14291 1,07652 1,16835 1,26019 1,35202 
17,1 3,14141 1,07692 1,16874 1,26056 1,35237 
17,2 3,13995 1,07731 1,16911 1,26091 1,35271 
17,3 3,13852 1,07769 1,16948 1,26126 1,35305 
17,4 3,13713 1,07806 1,16983 1,26160 1,35337 
17,5 3,13578 1,07843 1,17018 1,26193 1,35368 
17,6 3,13446 1,07878 1,17052 1,26225 1,35399 
17,7 3,13318 1,07912 1,17084 1,26257 1,35429 
17,8 3,13193 1,07946 1,17116 1,26287 1,35458 
17,9 3,13071 1,07978 1,17148 1,26317 1,35486 
18,0 3,12952 1,08010 1,17178 1,26346 1,35514 
18,1 3,12836 1,08041 1,17208 1,26374 1,35540 
18,2 3,12724 1,08072 1,17236 1,26401 1,35566 
18,3 3,12614 1,08101 1,17265 1,26428 1,35592 
18,4 3,12507 1,08130 1,17292 1,26454 1,35616 
18,5 3,12403 1,08158 1,17319 1,26480 1,35640 
18,6 3,12302 1,08185 1,17345 1,26504 1,35664 
18,7 3,12203 1,08212 1,17370 1,26528 1,35687 
18,8 3,12107 1,08238 1,17395 1,26552 1,35709 
18,9 3,12013 1,08263 1,17419 1,26575 1,35730 
19,0 3,11922 1,08287 1,17442 1,26597 1,35752 
19,1 3,11833 1,08311 1,17465 1,26618 1,35772 
19,2 3,11746 1,08335 1,17487 1,26640 1,35792 
19,3 3,11662 1,08358 1,17509 1,26660 1,35811 
19,4 3,11579 1,08380 1,17530 1,26680 1,35830 
19,5 3,11499 1,08401 1,17551 1,26700 1,35849 
19,6 3,11421 1,08423 1,17571 1,26719 1,35867 
19,7 3,11345 1,08443 1,17590 1,26737 1,35884 
19,8 3,11271 1,08463 1,17609 1,26755 1,35901 
19,9 3,11199 1,08483 1,17628 1,26773 1,35918 
20,0 3,11129 1,08502 1,17646 1,26790 1,35934 
20,1 3,11060 1,08520 1,17663 1,26806 1,35950 
20,2 3,10993 1,08538 1,17681 1,26823 1,35965 
20,3 3,10928 1,08556 1,17697 1,26838 1,35980 
20,4 3,10865 1,08573 1,17714 1,26854 1,35994 
20,5 3,10803 1,08590 1,17729 1,26869 1,36008 
20,6 3,10743 1,08606 1,17745 1,26883 1,36022 
20,7 3,10684 1,08622 1,17760 1,26898 1,36036 
20,8 3,10627 1,08638 1,17775 1,26912 1,36049 
20,9 3,10572 1,08653 1,17789 1,26925 1,36061 
21,0 3,10518 1,08667 1,17803 1,26938 1,36074 
21,1 3,10465 1,08682 1,17816 1,26951 1,36086 
21,2 3,10413 1,08696 1,17830 1,26964 1,36097 
21,3 3,10363 1,08709 1,17843 1,26976 1,36109 
21,4 3,10314 1,08723 1,17855 1,26988 1,36120 
21,5 3,10267 1,08736 1,17867 1,26999 1,36131 
21,6 3,10220 1,08748 1,17879 1,27010 1,36141 
21,7 3,10175 1,08760 1,17891 1,27021 1,36152 
21,8 3,10131 1,08772 1,17902 1,27032 1,36162 
21,9 3,10088 1,08784 1,17913 1,27042 1,36172 
22,0 3,10047 1,08795 1,17924 1,27053 1,36181 
22,1 3,10006 1,08807 1,17934 1,27062 1,36190 
22,2 3,09966 1,08817 1,17945 1,27072 1,36199 
22,3 3,09928 1,08828 1,17955 1,27081 1,36208 
22,4 3,09890 1,08838 1,17964 1,27091 1,36217 
22,5 3,09853 1,08848 1,17974 1,27099 1,36225 
22,6 3,09817 1,08858 1,17983 1,27108 1,36233 
22,7 3,09783 1,08867 1,17992 1,27117 1,36241 
22,8 3,09749 1,08877 1,18001 1,27125 1,36249 
22,9 3,09716 1,08886 1,18009 1,27133 1,36256 
23,0 3,09683 1,08895 1,18018 1,27141 1,36264 
23,1 3,09652 1,08903 1,18026 1,27148 1,36271 
23,2 3,09621 1,08912 1,18034 1,27156 1,36278 
23,3 3,09592 1,08920 1,18041 1,27163 1,36284 
23,4 3,09562 1,08928 1,18049 1,27170 1,36291 
23,5 3,09534 1,08935 1,18056 1,27177 1,36297 
23,6 3,09507 1,08943 1,18063 1,27183 1,36304 
23,7 3,09480 1,08950 1,18070 1,27190 1,36310 
23,8 3,09454 1,08957 1,18077 1,27196 1,36316 
23,9 3,09428 1,08964 1,18083 1,27202 1,36321 
24,0 3,09403 1,08971 1,18090 1,27208 1,36327 
24,1 3,09379 1,08978 1,18096 1,27214 1,36333 
24,2 3,09355 1,08984 1,18102 1,27220 1,36338 
24,3 3,09332 1,08991 1,18108 1,27226 1,36343 
24,4 3,09310 1,08997 1,18114 1,27231 1,36348 
24,5 3,09288 1,09003 1,18120 1,27236 1,36353 
24,6 3,09267 1,09009 1,18125 1,27241 1,36358 
24,7 3,09246 1,09014 1,18130 1,27246 1,36363 
24,8 3,09226 1,09020 1,18136 1,27251 1,36367 
24,9 3,09206 1,09025 1,18141 1,27256 1,36372 
25,0 3,09187 1,09030 1,18146 1,27261 1,36376 
25,1 3,09168 1,09036 1,18150 1,27265 1,36380 
25,2 3,09150 1,09041 1,18155 1,27270 1,36384 
25,3 3,09132 1,09045 1,18160 1,27274 1,36388 
25,4 3,09115 1,09050 1,18164 1,27278 1,36392 
25,5 3,09098 1,09055 1,18169 1,27282 1,36396 
25,6 3,09082 1,09059 1,18173 1,27286 1,36400 
25,7 3,09066 1,09064 1,18177 1,27290 1,36403 
25,8 3,09050 1,09068 1,18181 1,27294 1,36407 
25,9 3,09035 1,09072 1,18185 1,27298 1,36410 
26,0 3,09020 1,09076 1,18189 1,27301 1,36414 
26,1 3,09005 1,09080 1,18192 1,27305 1,36417 
26,2 3,08991 1,09084 1,18196 1,27308 1,36420 
26,3 3,08978 1,09088 1,18200 1,27311 1,36423 
26,4 3,08964 1,09092 1,18203 1,27315 1,36426 
26,5 3,08951 1,09095 1,18206 1,27318 1,36429 
26,6 3,08939 1,09099 1,18210 1,27321 1,36432 
26,7 3,08926 1,09102 1,18213 1,27324 1,36435 
26,8 3,08914 1,09105 1,18216 1,27327 1,36437 
26,9 3,08902 1,09109 1,18219 1,27330 1,36440 
27,0 3,08891 1,09112 1,18222 1,27332 1,36443 
27,1 3,08880 1,09115 1,18225 1,27335 1,36445 
27,2 3,08869 1,09118 1,18228 1,27338 1,36448 
27,3 3,08858 1,09121 1,18230 1,27340 1,36450 
27,4 3,08848 1,09124 1,18233 1,27343 1,36452 
27,5 3,08838 1,09126 1,18236 1,27345 1,36455 
27,6 3,08828 1,09129 1,18238 1,27348 1,36457 
27,7 3,08819 1,09132 1,18241 1,27350 1,36459 
27,8 3,08809 1,09134 1,18243 1,27352 1,36461 
27,9 3,08800 1,09137 1,18245 1,27354 1,36463 
28,0 3,08791 1,09139 1,18248 1,27356 1,36465 
28,1 3,08783 1,09141 1,18250 1,27358 1,36467 
28,2 3,08774 1,09144 1,18252 1,27361 1,36469 
28,3 3,08766 1,09146 1,18254 1,27362 1,36471 
28,4 3,08758 1,09148 1,18256 1,27364 1,36472 
28,5 3,08750 1,09150 1,18258 1,27366 1,36474 
28,6 3,08743 1,09152 1,18260 1,27368 1,36476 
28,7 3,08735 1,09155 1,18262 1,27370 1,36478 
28,8 3,08728 1,09157 1,18264 1,27372 1,36479 
28,9 3,08721 1,09158 1,18266 1,27373 1,36481 
29,0 3,08714 1,09160 1,18268 1,27375 1,36482 
29,1 3,08708 1,09162 1,18269 1,27377 1,36484 
29,2 3,08701 1,09164 1,18271 1,27378 1,36485 
29,3 3,08695 1,09166 1,18273 1,27380 1,36487 
29,4 3,08689 1,09167 1,18274 1,27381 1,36488 
29,5 3,08683 1,09169 1,18276 1,27383 1,36489 
29,6 3,08677 1,09171 1,18277 1,27384 1,36491 
29,7 3,08671 1,09172 1,18279 1,27385 1,36492 
29,8 3,08666 1,09174 1,18280 1,27387 1,36493 
29,9 3,08660 1,09175 1,18282 1,27388 1,36494 
30,0 3,08655 1,09177 1,18283 1,27389 1,36496 
30,1 3,08650 1,09178 1,18284 1,27391 1,36497 
30,2 3,08645 1,09180 1,18286 1,27392 1,36498 
30,3 3,08640 1,09181 1,18287 1,27393 1,36499 
30,4 3,08635 1,09182 1,18288 1,27394 1,36500 
30,5 3,08630 1,09183 1,18289 1,27395 1,36501 
30,6 3,08626 1,09185 1,18291 1,27396 1,36502 
30,7 3,08621 1,09186 1,18292 1,27397 1,36503 
30,8 3,08617 1,09187 1,18293 1,27398 1,36504 
30,9 3,08613 1,09188 1,18294 1,27399 1,36505 
31,0 3,08609 1,09189 1,18295 1,27400 1,36506 
31,1 3,08605 1,09191 1,18296 1,27401 1,36507 
31,2 3,08601 1,09192 1,18297 1,27402 1,36508 
31,3 3,08597 1,09193 1,18298 1,27403 1,36509 
31,4 3,08594 1,09194 1,18299 1,27404 1,36509 
31,5 3,08590 1,09195 1,18300 1,27405 1,36510 
31,6 3,08586 1,09196 1,18301 1,27406 1,36511 
31,7 3,08583 1,09197 1,18302 1,27407 1,36512 
31,8 3,08580 1,09197 1,18302 1,27407 1,36512 
31,9 3,08576 1,09198 1,18303 1,27408 1,36513 
32,0 3,08573 1,09199 1,18304 1,27409 1,36514 
32,1 3,08570 1,09200 1,18305 1,27410 1,36515 
32,2 3,08567 1,09201 1,18306 1,27410 1,36515 
32,3 3,08564 1,09202 1,18306 1,27411 1,36516 
32,4 3,08561 1,09203 1,18307 1,27412 1,36517 
32,5 3,08559 1,09203 1,18308 1,27413 1,36517 
32,6 3,08556 1,09204 1,18309 1,27413 1,36518 
32,7 3,08553 1,09205 1,18309 1,27414 1,36518 
32,8 3,08551 1,09205 1,18310 1,27414 1,36519 
32,9 3,08548 1,09206 1,18311 1,27415 1,36520 
33,0 3,08546 1,09207 1,18311 1,27416 1,36520 
33,1 3,08543 1,09207 1,18312 1,27416 1,36521 
33,2 3,08541 1,09208 1,18312 1,27417 1,36521 
33,3 3,08539 1,09209 1,18313 1,27417 1,36522 
33,4 3,08537 1,09209 1,18314 1,27418 1,36522 
33,5 3,08535 1,09210 1,18314 1,27418 1,36523 
33,6 3,08532 1,09211 1,18315 1,27419 1,36523 
33,7 3,08530 1,09211 1,18315 1,27419 1,36524 
33,8 3,08528 1,09212 1,18316 1,27420 1,36524 
33,9 3,08526 1,09212 1,18316 1,27420 1,36524 
34,0 3,08525 1,09213 1,18317 1,27421 1,36525 
34,1 3,08523 1,09213 1,18317 1,27421 1,36525 
34,2 3,08521 1,09214 1,18318 1,27422 1,36526 
34,3 3,08519 1,09214 1,18318 1,27422 1,36526 
34,4 3,08518 1,09215 1,18319 1,27422 1,36526 
34,5 3,08516 1,09215 1,18319 1,27423 1,36527 
34,6 3,08514 1,09216 1,18319 1,27423 1,36527 
34,7 3,08513 1,09216 1,18320 1,27424 1,36527 
34,8 3,08511 1,09216 1,18320 1,27424 1,36528 
34,9 3,08510 1,09217 1,18321 1,27424 1,36528 
35,0 3,08508 1,09217 1,18321 1,27425 1,36528 
35,1 3,08507 1,09218 1,18321 1,27425 1,36529 
35,2 3,08505 1,09218 1,18322 1,27425 1,36529 
35,3 3,08504 1,09218 1,18322 1,27426 1,36529 
35,4 3,08503 1,09219 1,18322 1,27426 1,36530 
35,5 3,08501 1,09219 1,18323 1,27426 1,36530 
35,6 3,08500 1,09219 1,18323 1,27427 1,36530 
35,7 3,08499 1,09220 1,18323 1,27427 1,36531 
35,8 3,08498 1,09220 1,18324 1,27427 1,36531 
35,9 3,08497 1,09220 1,18324 1,27428 1,36531 
36,0 3,08495 1,09221 1,18324 1,27428 1,36531 
36,1 3,08494 1,09221 1,18325 1,27428 1,36532 
36,2 3,08493 1,09221 1,18325 1,27428 1,36532 
36,3 3,08492 1,09222 1,18325 1,27429 1,36532 
36,4 3,08491 1,09222 1,18325 1,27429 1,36532 
36,5 3,08490 1,09222 1,18326 1,27429 1,36532 
36,6 3,08489 1,09222 1,18326 1,27429 1,36533 
36,7 3,08488 1,09223 1,18326 1,27430 1,36533 
36,8 3,08487 1,09223 1,18326 1,27430 1,36533 
36,9 3,08487 1,09223 1,18327 1,27430 1,36533 
37,0 3,08486 1,09223 1,18327 1,27430 1,36534 
37,1 3,08485 1,09224 1,18327 1,27430 1,36534 
37,2 3,08484 1,09224 1,18327 1,27431 1,36534 
37,3 3,08483 1,09224 1,18327 1,27431 1,36534 
37,4 3,08482 1,09224 1,18328 1,27431 1,36534 
37,5 3,08482 1,09225 1,18328 1,27431 1,36534 
37,6 3,08481 1,09225 1,18328 1,27431 1,36535 
37,7 3,08480 1,09225 1,18328 1,27431 1,36535 
37,8 3,08479 1,09225 1,18328 1,27432 1,36535 
37,9 3,08479 1,09225 1,18329 1,27432 1,36535 
38,0 3,08478 1,09226 1,18329 1,27432 1,36535 
38,1 3,08477 1,09226 1,18329 1,27432 1,36535 
38,2 3,08477 1,09226 1,18329 1,27432 1,36535 
38,3 3,08476 1,09226 1,18329 1,27432 1,36536 
38,4 3,08476 1,09226 1,18329 1,27433 1,36536 
38,5 3,08475 1,09226 1,18330 1,27433 1,36536 
38,6 3,08474 1,09227 1,18330 1,27433 1,36536 
38,7 3,08474 1,09227 1,18330 1,27433 1,36536 
38,8 3,08473 1,09227 1,18330 1,27433 1,36536 
38,9 3,08473 1,09227 1,18330 1,27433 1,36536 
39,0 3,08472 1,09227 1,18330 1,27433 1,36537 
39,1 3,08472 1,09227 1,18330 1,27434 1,36537 
39,2 3,08471 1,09228 1,18331 1,27434 1,36537 
39,3 3,08471 1,09228 1,18331 1,27434 1,36537 
39,4 3,08470 1,09228 1,18331 1,27434 1,36537 
39,5 3,08470 1,09228 1,18331 1,27434 1,36537 
39,6 3,08469 1,09228 1,18331 1,27434 1,36537 
39,7 3,08469 1,09228 1,18331 1,27434 1,36537 
39,8 3,08468 1,09228 1,18331 1,27434 1,36537 
39,9 3,08468 1,09228 1,18331 1,27434 1,36537 

--- STEADY-STATE REWARDS ---
Pool : 3.0845221596849308070436
Ph1 : 1.0923284089589056431024
Ph2 : 1.1833557763721473991784
Ph3 : 1.2743831437853849054016
Ph4 : 1.3654105111986308494820

