Initial marking: P1 P2 P3 4Pool 

--- Transient rewards ---
t Pool Ph1 Ph2 Ph3 Ph4 A1 A2 A3 If(Pool==0,1,0) If(A1>0 || A2>0 || A3>0,1,0) Ph1+Ph2+Ph3+Ph4 
0,0 4,00000 0,00000 0,00000 0,00000 0,00000 0,00000 0,00000 0,00000 0,00000 0,00000 0,00000 
0,1 3,97000 0,00011 0,00013 0,00016 0,00018 0,00990 0,01463 0,00488 0,00000 0,02898 0,00058 
0,2 3,94004 0,00043 0,00052 0,00061 0,00071 0,01961 0,02856 0,00952 0,00000 0,05604 0,00227 
0,3 3,91013 0,00094 0,00114 0,00135 0,00155 0,02913 0,04183 0,01393 0,00000 0,08134 0,00498 
0,4 3,88029 0,00164 0,00198 0,00233 0,00268 0,03846 0,05448 0,01814 0,00001 0,10502 0,00862 
0,5 3,85056 0,00250 0,00302 0,00354 0,00407 0,04762 0,06655 0,02214 0,00002 0,12722 0,01313 
0,6 3,82095 0,00351 0,00424 0,00497 0,00569 0,05660 0,07807 0,02595 0,00004 0,14806 0,01842 
0,7 3,79148 0,00467 0,00563 0,00659 0,00754 0,06542 0,08908 0,02959 0,00007 0,16764 0,02443 
0,8 3,76217 0,00597 0,00718 0,00838 0,00959 0,07407 0,09960 0,03305 0,00011 0,18607 0,03111 
0,9 3,73303 0,00739 0,00886 0,01034 0,01181 0,08257 0,10966 0,03634 0,00017 0,20342 0,03840 
1,0 3,70407 0,00892 0,01068 0,01244 0,01420 0,09091 0,11929 0,03949 0,00026 0,21979 0,04624 
1,1 3,67532 0,01055 0,01261 0,01468 0,01674 0,09910 0,12851 0,04248 0,00036 0,23525 0,05458 
1,2 3,64678 0,01228 0,01466 0,01704 0,01941 0,10714 0,13735 0,04534 0,00050 0,24985 0,06339 
1,3 3,61846 0,01410 0,01680 0,01950 0,02220 0,11504 0,14582 0,04807 0,00066 0,26367 0,07261 
1,4 3,59037 0,01601 0,01904 0,02207 0,02510 0,12280 0,15395 0,05067 0,00086 0,27676 0,08221 
1,5 3,56253 0,01798 0,02135 0,02472 0,02809 0,13043 0,16175 0,05315 0,00110 0,28918 0,09215 
1,6 3,53494 0,02003 0,02374 0,02746 0,03117 0,13792 0,16923 0,05551 0,00138 0,30096 0,10240 
1,7 3,50760 0,02213 0,02620 0,03026 0,03433 0,14528 0,17643 0,05777 0,00169 0,31215 0,11292 
1,8 3,48053 0,02430 0,02871 0,03313 0,03755 0,15251 0,18334 0,05993 0,00206 0,32279 0,12369 
1,9 3,45373 0,02651 0,03128 0,03606 0,04083 0,15962 0,18998 0,06198 0,00247 0,33292 0,13468 
2,0 3,42721 0,02877 0,03390 0,03903 0,04416 0,16661 0,19637 0,06394 0,00292 0,34256 0,14586 
2,1 3,40098 0,03107 0,03656 0,04205 0,04753 0,17348 0,20251 0,06582 0,00343 0,35176 0,15721 
2,2 3,37503 0,03341 0,03926 0,04510 0,05094 0,18024 0,20842 0,06760 0,00399 0,36054 0,16871 
2,3 3,34937 0,03578 0,04198 0,04818 0,05439 0,18688 0,21411 0,06931 0,00459 0,36892 0,18033 
2,4 3,32401 0,03818 0,04474 0,05129 0,05785 0,19340 0,21959 0,07094 0,00525 0,37694 0,19207 
2,5 3,29894 0,04061 0,04752 0,05443 0,06134 0,19982 0,22486 0,07249 0,00596 0,38460 0,20389 
2,6 3,27418 0,04305 0,05031 0,05757 0,06483 0,20613 0,22994 0,07398 0,00673 0,39193 0,21578 
2,7 3,24972 0,04552 0,05313 0,06074 0,06834 0,21234 0,23483 0,07539 0,00754 0,39896 0,22773 
2,8 3,22557 0,04800 0,05595 0,06391 0,07186 0,21844 0,23954 0,07674 0,00841 0,40570 0,23972 
2,9 3,20172 0,05049 0,05879 0,06708 0,07538 0,22444 0,24407 0,07803 0,00932 0,41216 0,25174 
3,0 3,17819 0,05300 0,06163 0,07026 0,07889 0,23034 0,24844 0,07925 0,01029 0,41836 0,26378 
3,1 3,15496 0,05551 0,06447 0,07344 0,08240 0,23614 0,25266 0,08042 0,01130 0,42431 0,27582 
3,2 3,13205 0,05802 0,06732 0,07661 0,08590 0,24184 0,25671 0,08154 0,01236 0,43004 0,28785 
3,3 3,10945 0,06054 0,07016 0,07978 0,08939 0,24745 0,26062 0,08260 0,01346 0,43554 0,29987 
3,4 3,08716 0,06306 0,07300 0,08293 0,09287 0,25297 0,26439 0,08362 0,01461 0,44083 0,31187 
3,5 3,06518 0,06558 0,07583 0,08608 0,09633 0,25840 0,26801 0,08458 0,01580 0,44593 0,32382 
3,6 3,04352 0,06809 0,07865 0,08922 0,09978 0,26373 0,27151 0,08550 0,01703 0,45084 0,33574 
3,7 3,02217 0,07060 0,08147 0,09233 0,10320 0,26898 0,27487 0,08637 0,01830 0,45557 0,34761 
3,8 3,00113 0,07310 0,08427 0,09544 0,10660 0,27414 0,27811 0,08720 0,01961 0,46013 0,35941 
3,9 2,98040 0,07560 0,08706 0,09852 0,10998 0,27921 0,28123 0,08799 0,02095 0,46453 0,37116 
4,0 2,95998 0,07809 0,08983 0,10158 0,11333 0,28420 0,28424 0,08874 0,02233 0,46878 0,38284 
4,1 2,93988 0,08056 0,09259 0,10463 0,11666 0,28911 0,28713 0,08946 0,02373 0,47287 0,39444 
4,2 2,92007 0,08302 0,09533 0,10764 0,11996 0,29393 0,28991 0,09013 0,02516 0,47683 0,40596 
4,3 2,90058 0,08547 0,09806 0,11064 0,12322 0,29867 0,29258 0,09077 0,02662 0,48065 0,41739 
4,4 2,88139 0,08791 0,10076 0,11361 0,12646 0,30334 0,29515 0,09138 0,02811 0,48435 0,42874 
4,5 2,86250 0,09033 0,10344 0,11655 0,12967 0,30793 0,29763 0,09196 0,02961 0,48792 0,43999 
4,6 2,84391 0,09273 0,10610 0,11947 0,13284 0,31244 0,30001 0,09251 0,03114 0,49137 0,45114 
4,7 2,82562 0,09512 0,10874 0,12236 0,13598 0,31687 0,30229 0,09302 0,03268 0,49472 0,46220 
4,8 2,80763 0,09748 0,11135 0,12522 0,13909 0,32123 0,30448 0,09351 0,03425 0,49795 0,47315 
4,9 2,78993 0,09983 0,11394 0,12805 0,14216 0,32552 0,30659 0,09397 0,03582 0,50108 0,48399 
5,0 2,77252 0,10216 0,11651 0,13085 0,14520 0,32974 0,30861 0,09440 0,03741 0,50411 0,49472 
5,1 2,75540 0,10447 0,11905 0,13362 0,14820 0,33389 0,31055 0,09481 0,03901 0,50705 0,50535 
5,2 2,73857 0,10676 0,12156 0,13636 0,15116 0,33796 0,31241 0,09520 0,04061 0,50989 0,51586 
5,3 2,72202 0,10903 0,12405 0,13907 0,15409 0,34197 0,31419 0,09556 0,04223 0,51265 0,52625 
5,4 2,70576 0,11128 0,12651 0,14175 0,15698 0,34591 0,31590 0,09590 0,04385 0,51532 0,53653 
5,5 2,68977 0,11350 0,12895 0,14439 0,15984 0,34979 0,31753 0,09622 0,04547 0,51790 0,54669 
5,6 2,67406 0,11571 0,13136 0,14701 0,16266 0,35360 0,31910 0,09652 0,04710 0,52041 0,55673 
5,7 2,65862 0,11788 0,13374 0,14959 0,16544 0,35735 0,32059 0,09680 0,04872 0,52285 0,56664 
5,8 2,64345 0,12004 0,13609 0,15213 0,16818 0,36103 0,32202 0,09706 0,05035 0,52521 0,57644 
5,9 2,62855 0,12217 0,13841 0,15465 0,17088 0,36465 0,32339 0,09730 0,05197 0,52750 0,58611 
6,0 2,61391 0,12428 0,14070 0,15713 0,17355 0,36821 0,32469 0,09752 0,05359 0,52972 0,59566 
6,1 2,59953 0,12636 0,14297 0,15957 0,17618 0,37172 0,32593 0,09773 0,05520 0,53187 0,60509 
6,2 2,58541 0,12842 0,14521 0,16199 0,17877 0,37516 0,32712 0,09792 0,05681 0,53397 0,61439 
6,3 2,57154 0,13046 0,14741 0,16437 0,18132 0,37854 0,32824 0,09810 0,05842 0,53600 0,62356 
6,4 2,55793 0,13247 0,14959 0,16672 0,18384 0,38187 0,32932 0,09826 0,06001 0,53797 0,63262 
6,5 2,54456 0,13446 0,15174 0,16903 0,18632 0,38515 0,33034 0,09841 0,06160 0,53988 0,64154 
6,6 2,53143 0,13642 0,15386 0,17131 0,18875 0,38837 0,33131 0,09855 0,06317 0,54174 0,65034 
6,7 2,51855 0,13835 0,15595 0,17356 0,19116 0,39153 0,33223 0,09867 0,06474 0,54354 0,65902 
6,8 2,50590 0,14026 0,15802 0,17577 0,19352 0,39465 0,33310 0,09878 0,06629 0,54529 0,66757 
6,9 2,49349 0,14215 0,16005 0,17795 0,19585 0,39771 0,33393 0,09888 0,06783 0,54699 0,67600 
7,0 2,48131 0,14401 0,16205 0,18010 0,19814 0,40072 0,33471 0,09897 0,06936 0,54865 0,68430 
7,1 2,46935 0,14585 0,16403 0,18221 0,20039 0,40368 0,33544 0,09905 0,07087 0,55025 0,69248 
7,2 2,45762 0,14766 0,16598 0,18429 0,20261 0,40659 0,33614 0,09911 0,07237 0,55181 0,70054 
7,3 2,44611 0,14944 0,16789 0,18634 0,20479 0,40945 0,33679 0,09917 0,07386 0,55333 0,70847 
7,4 2,43482 0,15120 0,16978 0,18836 0,20694 0,41227 0,33741 0,09922 0,07533 0,55480 0,71628 
7,5 2,42374 0,15294 0,17164 0,19034 0,20905 0,41503 0,33799 0,09926 0,07678 0,55623 0,72397 
7,6 2,41287 0,15465 0,17347 0,19230 0,21112 0,41776 0,33853 0,09930 0,07822 0,55762 0,73154 
7,7 2,40221 0,15634 0,17528 0,19422 0,21316 0,42044 0,33904 0,09932 0,07964 0,55897 0,73900 
7,8 2,39175 0,15800 0,17705 0,19611 0,21516 0,42307 0,33951 0,09934 0,08105 0,56028 0,74633 
7,9 2,38150 0,15964 0,17880 0,19797 0,21713 0,42566 0,33995 0,09935 0,08244 0,56156 0,75354 
8,0 2,37144 0,16125 0,18052 0,19980 0,21907 0,42821 0,34036 0,09935 0,08381 0,56280 0,76064 
8,1 2,36158 0,16284 0,18222 0,20159 0,22097 0,43072 0,34074 0,09935 0,08516 0,56400 0,76762 
8,2 2,35191 0,16440 0,18388 0,20336 0,22284 0,43318 0,34109 0,09934 0,08650 0,56517 0,77449 
8,3 2,34242 0,16594 0,18552 0,20510 0,22468 0,43561 0,34141 0,09932 0,08781 0,56631 0,78124 
8,4 2,33312 0,16746 0,18713 0,20681 0,22648 0,43799 0,34170 0,09930 0,08911 0,56742 0,78788 
8,5 2,32400 0,16895 0,18872 0,20848 0,22825 0,44034 0,34197 0,09928 0,09039 0,56850 0,79441 
8,6 2,31506 0,17042 0,19028 0,21013 0,22999 0,44265 0,34221 0,09925 0,09166 0,56955 0,80082 
8,7 2,30630 0,17187 0,19181 0,21175 0,23169 0,44492 0,34243 0,09921 0,09290 0,57056 0,80713 
8,8 2,29771 0,17330 0,19332 0,21335 0,23337 0,44716 0,34263 0,09917 0,09413 0,57155 0,81333 
8,9 2,28929 0,17470 0,19480 0,21491 0,23501 0,44936 0,34280 0,09913 0,09534 0,57252 0,81942 
9,0 2,28103 0,17608 0,19626 0,21644 0,23663 0,45152 0,34295 0,09908 0,09653 0,57345 0,82541 
9,1 2,27294 0,17743 0,19769 0,21795 0,23821 0,45365 0,34308 0,09903 0,09770 0,57436 0,83129 
9,2 2,26500 0,17877 0,19910 0,21943 0,23977 0,45575 0,34319 0,09898 0,09885 0,57525 0,83707 
9,3 2,25723 0,18008 0,20048 0,22089 0,24129 0,45781 0,34328 0,09892 0,09999 0,57611 0,84275 
9,4 2,24961 0,18137 0,20184 0,22232 0,24279 0,45984 0,34336 0,09886 0,10111 0,57695 0,84832 
9,5 2,24214 0,18264 0,20318 0,22372 0,24426 0,46184 0,34342 0,09880 0,10221 0,57777 0,85380 
9,6 2,23482 0,18389 0,20449 0,22510 0,24570 0,46381 0,34346 0,09874 0,10329 0,57856 0,85918 
9,7 2,22765 0,18512 0,20578 0,22645 0,24711 0,46574 0,34348 0,09867 0,10435 0,57933 0,86446 
9,8 2,22062 0,18632 0,20705 0,22777 0,24850 0,46765 0,34349 0,09860 0,10540 0,58009 0,86964 
9,9 2,21373 0,18751 0,20829 0,22907 0,24985 0,46952 0,34348 0,09853 0,10643 0,58082 0,87473 
10,0 2,20698 0,18868 0,20951 0,23035 0,25119 0,47137 0,34347 0,09846 0,10744 0,58153 0,87973 
10,1 2,20037 0,18982 0,21071 0,23160 0,25249 0,47319 0,34343 0,09838 0,10843 0,58222 0,88463 
10,2 2,19389 0,19095 0,21189 0,23283 0,25377 0,47498 0,34339 0,09830 0,10941 0,58290 0,88944 
10,3 2,18753 0,19206 0,21305 0,23404 0,25503 0,47674 0,34333 0,09823 0,11037 0,58355 0,89417 
10,4 2,18131 0,19314 0,21418 0,23522 0,25626 0,47847 0,34326 0,09815 0,11132 0,58419 0,89881 
10,5 2,17521 0,19421 0,21530 0,23638 0,25746 0,48018 0,34318 0,09807 0,11225 0,58482 0,90336 
10,6 2,16924 0,19526 0,21639 0,23752 0,25865 0,48186 0,34309 0,09799 0,11316 0,58542 0,90782 
10,7 2,16339 0,19629 0,21746 0,23863 0,25980 0,48352 0,34299 0,09790 0,11405 0,58601 0,91220 
10,8 2,15765 0,19731 0,21852 0,23973 0,26094 0,48515 0,34288 0,09782 0,11493 0,58659 0,91650 
10,9 2,15203 0,19830 0,21955 0,24080 0,26205 0,48675 0,34276 0,09774 0,11580 0,58715 0,92071 
11,0 2,14653 0,19928 0,22057 0,24185 0,26314 0,48834 0,34264 0,09765 0,11665 0,58770 0,92485 
11,1 2,14113 0,20024 0,22156 0,24289 0,26421 0,48989 0,34250 0,09757 0,11748 0,58823 0,92890 
11,2 2,13585 0,20119 0,22254 0,24390 0,26526 0,49143 0,34236 0,09748 0,11830 0,58875 0,93288 
11,3 2,13067 0,20211 0,22350 0,24489 0,26628 0,49294 0,34221 0,09740 0,11911 0,58925 0,93678 
11,4 2,12560 0,20302 0,22444 0,24586 0,26728 0,49443 0,34205 0,09731 0,11990 0,58974 0,94061 
11,5 2,12063 0,20391 0,22536 0,24682 0,26827 0,49589 0,34189 0,09722 0,12067 0,59022 0,94436 
11,6 2,11576 0,20479 0,22627 0,24775 0,26923 0,49734 0,34172 0,09714 0,12143 0,59069 0,94804 
11,7 2,11099 0,20565 0,22716 0,24866 0,27017 0,49876 0,34155 0,09705 0,12218 0,59115 0,95165 
11,8 2,10632 0,20650 0,22803 0,24956 0,27109 0,50017 0,34137 0,09697 0,12291 0,59159 0,95518 
11,9 2,10174 0,20733 0,22888 0,25044 0,27200 0,50155 0,34118 0,09688 0,12364 0,59203 0,95865 
12,0 2,09726 0,20814 0,22972 0,25130 0,27288 0,50291 0,34099 0,09679 0,12434 0,59245 0,96205 
12,1 2,09286 0,20894 0,23054 0,25215 0,27375 0,50425 0,34080 0,09671 0,12504 0,59286 0,96538 
12,2 2,08856 0,20972 0,23135 0,25297 0,27460 0,50557 0,34060 0,09662 0,12572 0,59326 0,96864 
12,3 2,08434 0,21049 0,23214 0,25378 0,27543 0,50688 0,34040 0,09654 0,12639 0,59366 0,97185 
12,4 2,08021 0,21125 0,23291 0,25458 0,27624 0,50816 0,34020 0,09645 0,12705 0,59404 0,97498 
12,5 2,07616 0,21199 0,23367 0,25536 0,27704 0,50943 0,33999 0,09637 0,12769 0,59441 0,97806 
12,6 2,07219 0,21272 0,23442 0,25612 0,27782 0,51067 0,33978 0,09628 0,12832 0,59478 0,98107 
12,7 2,06831 0,21343 0,23515 0,25686 0,27858 0,51190 0,33956 0,09620 0,12895 0,59514 0,98402 
12,8 2,06450 0,21413 0,23586 0,25759 0,27932 0,51312 0,33935 0,09611 0,12955 0,59548 0,98692 
12,9 2,06077 0,21482 0,23657 0,25831 0,28005 0,51431 0,33913 0,09603 0,13015 0,59582 0,98975 
13,0 2,05712 0,21550 0,23725 0,25901 0,28077 0,51549 0,33891 0,09595 0,13074 0,59615 0,99253 
13,1 2,05354 0,21616 0,23793 0,25970 0,28147 0,51665 0,33868 0,09587 0,13132 0,59648 0,99525 
13,2 2,05003 0,21681 0,23859 0,26037 0,28215 0,51780 0,33846 0,09578 0,13188 0,59680 0,99792 
13,3 2,04660 0,21745 0,23924 0,26103 0,28282 0,51893 0,33824 0,09570 0,13244 0,59711 1,00054 
13,4 2,04323 0,21807 0,23987 0,26168 0,28348 0,52004 0,33801 0,09562 0,13298 0,59741 1,00310 
13,5 2,03993 0,21868 0,24049 0,26231 0,28412 0,52114 0,33778 0,09554 0,13352 0,59770 1,00560 
13,6 2,03670 0,21928 0,24110 0,26293 0,28475 0,52222 0,33755 0,09547 0,13404 0,59799 1,00806 
13,7 2,03353 0,21987 0,24170 0,26353 0,28536 0,52329 0,33732 0,09539 0,13456 0,59827 1,01047 
13,8 2,03043 0,22045 0,24229 0,26412 0,28596 0,52434 0,33709 0,09531 0,13507 0,59855 1,01282 
13,9 2,02739 0,22102 0,24286 0,26470 0,28655 0,52538 0,33686 0,09523 0,13556 0,59882 1,01513 
14,0 2,02441 0,22158 0,24342 0,26527 0,28712 0,52640 0,33663 0,09516 0,13605 0,59908 1,01740 
14,1 2,02149 0,22212 0,24398 0,26583 0,28768 0,52741 0,33640 0,09508 0,13653 0,59934 1,01961 
14,2 2,01863 0,22266 0,24452 0,26637 0,28823 0,52841 0,33617 0,09501 0,13700 0,59960 1,02178 
14,3 2,01583 0,22318 0,24505 0,26691 0,28877 0,52939 0,33594 0,09493 0,13746 0,59984 1,02391 
14,4 2,01308 0,22370 0,24556 0,26743 0,28929 0,53036 0,33571 0,09486 0,13791 0,60009 1,02599 
14,5 2,01039 0,22420 0,24607 0,26794 0,28981 0,53132 0,33547 0,09479 0,13836 0,60032 1,02802 
14,6 2,00775 0,22470 0,24657 0,26844 0,29031 0,53226 0,33524 0,09472 0,13879 0,60056 1,03002 
14,7 2,00517 0,22518 0,24706 0,26893 0,29080 0,53319 0,33501 0,09465 0,13922 0,60078 1,03197 
14,8 2,00264 0,22566 0,24753 0,26941 0,29128 0,53411 0,33478 0,09458 0,13964 0,60101 1,03389 
14,9 2,00015 0,22613 0,24800 0,26988 0,29175 0,53502 0,33456 0,09451 0,14005 0,60122 1,03576 
15,0 1,99772 0,22658 0,24846 0,27034 0,29221 0,53591 0,33433 0,09444 0,14046 0,60144 1,03760 
15,1 1,99533 0,22703 0,24891 0,27079 0,29266 0,53680 0,33410 0,09437 0,14086 0,60165 1,03939 
15,2 1,99300 0,22747 0,24935 0,27123 0,29310 0,53767 0,33388 0,09431 0,14125 0,60185 1,04115 
15,3 1,99071 0,22790 0,24978 0,27166 0,29353 0,53853 0,33365 0,09424 0,14163 0,60205 1,04288 
15,4 1,98846 0,22833 0,25020 0,27208 0,29395 0,53937 0,33343 0,09418 0,14201 0,60225 1,04456 
15,5 1,98626 0,22874 0,25062 0,27249 0,29436 0,54021 0,33320 0,09411 0,14237 0,60244 1,04621 
15,6 1,98410 0,22915 0,25102 0,27289 0,29477 0,54104 0,33298 0,09405 0,14274 0,60263 1,04783 
15,7 1,98198 0,22955 0,25142 0,27329 0,29516 0,54185 0,33276 0,09399 0,14309 0,60282 1,04941 
15,8 1,97991 0,22994 0,25181 0,27367 0,29554 0,54266 0,33254 0,09393 0,14344 0,60300 1,05096 
15,9 1,97788 0,23032 0,25219 0,27405 0,29592 0,54345 0,33232 0,09387 0,14379 0,60318 1,05248 
16,0 1,97588 0,23070 0,25256 0,27442 0,29629 0,54424 0,33211 0,09381 0,14412 0,60336 1,05397 
16,1 1,97393 0,23107 0,25293 0,27478 0,29664 0,54501 0,33189 0,09375 0,14446 0,60353 1,05542 
16,2 1,97201 0,23143 0,25328 0,27514 0,29700 0,54577 0,33168 0,09369 0,14478 0,60370 1,05684 
16,3 1,97014 0,23178 0,25363 0,27549 0,29734 0,54653 0,33147 0,09363 0,14510 0,60387 1,05824 
16,4 1,96829 0,23213 0,25398 0,27582 0,29767 0,54727 0,33125 0,09357 0,14542 0,60403 1,05960 
16,5 1,96649 0,23247 0,25431 0,27616 0,29800 0,54801 0,33105 0,09352 0,14572 0,60419 1,06094 
16,6 1,96472 0,23280 0,25464 0,27648 0,29832 0,54874 0,33084 0,09346 0,14603 0,60435 1,06224 
16,7 1,96298 0,23313 0,25496 0,27680 0,29863 0,54945 0,33063 0,09341 0,14632 0,60450 1,06352 
16,8 1,96128 0,23345 0,25528 0,27711 0,29894 0,55016 0,33043 0,09335 0,14662 0,60466 1,06478 
16,9 1,95961 0,23376 0,25559 0,27741 0,29924 0,55086 0,33023 0,09330 0,14690 0,60481 1,06600 
17,0 1,95797 0,23407 0,25589 0,27771 0,29953 0,55155 0,33003 0,09325 0,14719 0,60495 1,06720 
17,1 1,95636 0,23437 0,25619 0,27800 0,29982 0,55223 0,32983 0,09320 0,14746 0,60510 1,06838 
17,2 1,95479 0,23467 0,25648 0,27829 0,30010 0,55291 0,32963 0,09315 0,14774 0,60524 1,06953 
17,3 1,95324 0,23496 0,25676 0,27857 0,30037 0,55357 0,32943 0,09310 0,14800 0,60538 1,07065 
17,4 1,95173 0,23524 0,25704 0,27884 0,30064 0,55423 0,32924 0,09305 0,14827 0,60552 1,07175 
17,5 1,95024 0,23552 0,25731 0,27910 0,30090 0,55488 0,32905 0,09300 0,14852 0,60565 1,07283 
17,6 1,94878 0,23579 0,25758 0,27937 0,30115 0,55552 0,32886 0,09295 0,14878 0,60578 1,07389 
17,7 1,94735 0,23606 0,25784 0,27962 0,30140 0,55615 0,32867 0,09290 0,14903 0,60592 1,07492 
17,8 1,94595 0,23632 0,25810 0,27987 0,30164 0,55677 0,32848 0,09286 0,14927 0,60604 1,07593 
17,9 1,94457 0,23658 0,25835 0,28011 0,30188 0,55739 0,32830 0,09281 0,14951 0,60617 1,07692 
18,0 1,94322 0,23683 0,25859 0,28035 0,30212 0,55800 0,32812 0,09277 0,14975 0,60630 1,07789 
18,1 1,94190 0,23708 0,25883 0,28059 0,30234 0,55860 0,32794 0,09272 0,14998 0,60642 1,07884 
18,2 1,94059 0,23732 0,25907 0,28082 0,30256 0,55920 0,32776 0,09268 0,15021 0,60654 1,07977 
18,3 1,93932 0,23756 0,25930 0,28104 0,30278 0,55979 0,32758 0,09264 0,15044 0,60666 1,08068 
18,4 1,93807 0,23779 0,25952 0,28126 0,30299 0,56037 0,32740 0,09259 0,15066 0,60678 1,08157 
18,5 1,93684 0,23802 0,25975 0,28147 0,30320 0,56094 0,32723 0,09255 0,15088 0,60689 1,08244 
18,6 1,93563 0,23824 0,25996 0,28168 0,30340 0,56151 0,32706 0,09251 0,15109 0,60701 1,08329 
18,7 1,93445 0,23846 0,26017 0,28189 0,30360 0,56207 0,32689 0,09247 0,15130 0,60712 1,08412 
18,8 1,93329 0,23867 0,26038 0,28209 0,30380 0,56262 0,32672 0,09243 0,15151 0,60723 1,08494 
18,9 1,93214 0,23888 0,26058 0,28228 0,30398 0,56317 0,32655 0,09239 0,15171 0,60734 1,08574 
19,0 1,93103 0,23909 0,26078 0,28248 0,30417 0,56371 0,32639 0,09235 0,15191 0,60745 1,08652 
19,1 1,92993 0,23929 0,26098 0,28266 0,30435 0,56424 0,32623 0,09231 0,15211 0,60755 1,08729 
19,2 1,92885 0,23949 0,26117 0,28285 0,30453 0,56477 0,32607 0,09228 0,15230 0,60766 1,08804 
19,3 1,92779 0,23969 0,26136 0,28303 0,30470 0,56529 0,32591 0,09224 0,15249 0,60776 1,08877 
19,4 1,92675 0,23988 0,26154 0,28320 0,30487 0,56581 0,32575 0,09220 0,15268 0,60786 1,08949 
19,5 1,92573 0,24006 0,26172 0,28338 0,30503 0,56632 0,32560 0,09217 0,15287 0,60796 1,09019 
19,6 1,92473 0,24024 0,26189 0,28354 0,30519 0,56682 0,32544 0,09213 0,15305 0,60806 1,09088 
19,7 1,92374 0,24042 0,26207 0,28371 0,30535 0,56732 0,32529 0,09210 0,15323 0,60816 1,09155 
19,8 1,92278 0,24060 0,26223 0,28387 0,30550 0,56781 0,32514 0,09206 0,15340 0,60826 1,09221 
19,9 1,92183 0,24077 0,26240 0,28403 0,30565 0,56830 0,32499 0,09203 0,15357 0,60835 1,09285 
20,0 1,92089 0,24094 0,26256 0,28418 0,30580 0,56878 0,32485 0,09200 0,15374 0,60845 1,09348 
20,1 1,91998 0,24111 0,26272 0,28433 0,30595 0,56925 0,32470 0,09196 0,15391 0,60854 1,09410 
20,2 1,91908 0,24127 0,26287 0,28448 0,30609 0,56972 0,32456 0,09193 0,15407 0,60863 1,09471 
20,3 1,91820 0,24143 0,26303 0,28462 0,30622 0,57018 0,32442 0,09190 0,15424 0,60872 1,09530 
20,4 1,91733 0,24158 0,26317 0,28477 0,30636 0,57064 0,32428 0,09187 0,15440 0,60881 1,09588 
20,5 1,91648 0,24174 0,26332 0,28490 0,30649 0,57109 0,32414 0,09184 0,15455 0,60890 1,09645 
20,6 1,91564 0,24189 0,26346 0,28504 0,30662 0,57154 0,32401 0,09181 0,15471 0,60898 1,09700 
20,7 1,91482 0,24203 0,26360 0,28517 0,30674 0,57198 0,32387 0,09178 0,15486 0,60907 1,09755 
20,8 1,91401 0,24218 0,26374 0,28530 0,30686 0,57242 0,32374 0,09175 0,15501 0,60915 1,09808 
20,9 1,91322 0,24232 0,26387 0,28543 0,30698 0,57285 0,32361 0,09172 0,15516 0,60924 1,09860 
21,0 1,91244 0,24246 0,26400 0,28555 0,30710 0,57328 0,32348 0,09169 0,15530 0,60932 1,09911 
21,1 1,91167 0,24259 0,26413 0,28567 0,30721 0,57371 0,32335 0,09166 0,15544 0,60940 1,09961 
21,2 1,91092 0,24272 0,26426 0,28579 0,30732 0,57412 0,32323 0,09164 0,15558 0,60948 1,10010 
21,3 1,91018 0,24285 0,26438 0,28591 0,30743 0,57454 0,32310 0,09161 0,15572 0,60956 1,10058 
21,4 1,90945 0,24298 0,26450 0,28602 0,30754 0,57494 0,32298 0,09158 0,15586 0,60964 1,10104 
21,5 1,90874 0,24311 0,26462 0,28613 0,30764 0,57535 0,32286 0,09156 0,15599 0,60972 1,10150 
21,6 1,90803 0,24323 0,26474 0,28624 0,30775 0,57575 0,32274 0,09153 0,15612 0,60980 1,10195 
21,7 1,90734 0,24335 0,26485 0,28635 0,30785 0,57614 0,32262 0,09150 0,15626 0,60987 1,10239 
21,8 1,90666 0,24347 0,26496 0,28645 0,30794 0,57653 0,32250 0,09148 0,15638 0,60995 1,10282 
21,9 1,90600 0,24358 0,26507 0,28655 0,30804 0,57692 0,32239 0,09145 0,15651 0,61002 1,10324 
22,0 1,90534 0,24370 0,26518 0,28665 0,30813 0,57730 0,32227 0,09143 0,15663 0,61010 1,10366 
22,1 1,90469 0,24381 0,26528 0,28675 0,30822 0,57768 0,32216 0,09141 0,15676 0,61017 1,10406 
22,2 1,90406 0,24392 0,26538 0,28685 0,30831 0,57805 0,32205 0,09138 0,15688 0,61024 1,10446 
22,3 1,90344 0,24402 0,26548 0,28694 0,30840 0,57842 0,32194 0,09136 0,15700 0,61031 1,10484 
22,4 1,90282 0,24413 0,26558 0,28703 0,30848 0,57879 0,32183 0,09134 0,15711 0,61038 1,10522 
22,5 1,90222 0,24423 0,26568 0,28712 0,30856 0,57915 0,32172 0,09131 0,15723 0,61045 1,10559 
22,6 1,90163 0,24433 0,26577 0,28721 0,30865 0,57950 0,32162 0,09129 0,15734 0,61052 1,10596 
22,7 1,90104 0,24443 0,26586 0,28729 0,30872 0,57986 0,32152 0,09127 0,15745 0,61059 1,10631 
22,8 1,90047 0,24453 0,26595 0,28738 0,30880 0,58020 0,32141 0,09125 0,15756 0,61065 1,10666 
22,9 1,89991 0,24462 0,26604 0,28746 0,30888 0,58055 0,32131 0,09123 0,15767 0,61072 1,10700 
23,0 1,89935 0,24472 0,26613 0,28754 0,30895 0,58089 0,32121 0,09121 0,15778 0,61079 1,10734 
23,1 1,89881 0,24481 0,26621 0,28762 0,30902 0,58123 0,32111 0,09119 0,15789 0,61085 1,10766 
23,2 1,89827 0,24490 0,26630 0,28770 0,30909 0,58156 0,32102 0,09117 0,15799 0,61092 1,10799 
23,3 1,89774 0,24499 0,26638 0,28777 0,30916 0,58189 0,32092 0,09115 0,15809 0,61098 1,10830 
23,4 1,89722 0,24507 0,26646 0,28784 0,30923 0,58222 0,32083 0,09113 0,15819 0,61104 1,10861 
23,5 1,89671 0,24516 0,26654 0,28792 0,30930 0,58254 0,32073 0,09111 0,15829 0,61110 1,10891 
23,6 1,89621 0,24524 0,26661 0,28799 0,30936 0,58286 0,32064 0,09109 0,15839 0,61117 1,10920 
23,7 1,89571 0,24532 0,26669 0,28806 0,30943 0,58318 0,32055 0,09107 0,15849 0,61123 1,10949 
23,8 1,89522 0,24540 0,26676 0,28812 0,30949 0,58349 0,32046 0,09105 0,15859 0,61129 1,10978 
23,9 1,89474 0,24548 0,26684 0,28819 0,30955 0,58380 0,32037 0,09103 0,15868 0,61135 1,11005 
24,0 1,89427 0,24556 0,26691 0,28826 0,30961 0,58410 0,32028 0,09102 0,15877 0,61141 1,11032 
24,1 1,89381 0,24563 0,26698 0,28832 0,30966 0,58441 0,32020 0,09100 0,15886 0,61146 1,11059 
24,2 1,89335 0,24571 0,26704 0,28838 0,30972 0,58471 0,32011 0,09098 0,15895 0,61152 1,11085 
24,3 1,89290 0,24578 0,26711 0,28844 0,30978 0,58500 0,32003 0,09096 0,15904 0,61158 1,11111 
24,4 1,89246 0,24585 0,26718 0,28850 0,30983 0,58529 0,31994 0,09095 0,15913 0,61164 1,11136 
24,5 1,89202 0,24592 0,26724 0,28856 0,30988 0,58558 0,31986 0,09093 0,15922 0,61169 1,11160 
24,6 1,89159 0,24599 0,26730 0,28862 0,30993 0,58587 0,31978 0,09091 0,15930 0,61175 1,11184 
24,7 1,89117 0,24605 0,26736 0,28867 0,30998 0,58615 0,31970 0,09090 0,15939 0,61180 1,11208 
24,8 1,89075 0,24612 0,26742 0,28873 0,31003 0,58643 0,31962 0,09088 0,15947 0,61186 1,11231 
24,9 1,89034 0,24618 0,26748 0,28878 0,31008 0,58671 0,31955 0,09087 0,15955 0,61191 1,11253 
25,0 1,88994 0,24625 0,26754 0,28884 0,31013 0,58698 0,31947 0,09085 0,15963 0,61196 1,11275 
25,1 1,88954 0,24631 0,26760 0,28889 0,31018 0,58725 0,31940 0,09084 0,15971 0,61202 1,11297 
25,2 1,88915 0,24637 0,26765 0,28894 0,31022 0,58752 0,31932 0,09082 0,15979 0,61207 1,11318 
25,3 1,88876 0,24643 0,26771 0,28899 0,31027 0,58779 0,31925 0,09081 0,15987 0,61212 1,11339 
25,4 1,88838 0,24649 0,26776 0,28904 0,31031 0,58805 0,31918 0,09079 0,15995 0,61217 1,11360 
25,5 1,88801 0,24655 0,26782 0,28908 0,31035 0,58831 0,31910 0,09078 0,16002 0,61222 1,11380 
25,6 1,88764 0,24660 0,26787 0,28913 0,31039 0,58857 0,31903 0,09076 0,16010 0,61227 1,11399 
25,7 1,88728 0,24666 0,26792 0,28918 0,31043 0,58882 0,31896 0,09075 0,16017 0,61232 1,11418 
25,8 1,88692 0,24671 0,26797 0,28922 0,31047 0,58907 0,31890 0,09074 0,16024 0,61237 1,11437 
25,9 1,88657 0,24677 0,26802 0,28926 0,31051 0,58932 0,31883 0,09072 0,16032 0,61242 1,11456 
26,0 1,88622 0,24682 0,26806 0,28931 0,31055 0,58957 0,31876 0,09071 0,16039 0,61247 1,11474 
26,1 1,88588 0,24687 0,26811 0,28935 0,31059 0,58981 0,31870 0,09070 0,16046 0,61252 1,11492 
26,2 1,88554 0,24692 0,26816 0,28939 0,31062 0,59005 0,31863 0,09068 0,16053 0,61256 1,11509 
26,3 1,88521 0,24697 0,26820 0,28943 0,31066 0,59029 0,31857 0,09067 0,16059 0,61261 1,11526 
26,4 1,88488 0,24702 0,26824 0,28947 0,31069 0,59053 0,31850 0,09066 0,16066 0,61266 1,11543 
26,5 1,88456 0,24707 0,26829 0,28951 0,31073 0,59076 0,31844 0,09065 0,16073 0,61270 1,11559 
26,6 1,88424 0,24711 0,26833 0,28955 0,31076 0,59099 0,31838 0,09063 0,16079 0,61275 1,11575 
26,7 1,88393 0,24716 0,26837 0,28958 0,31079 0,59122 0,31832 0,09062 0,16086 0,61279 1,11591 
26,8 1,88362 0,24721 0,26841 0,28962 0,31083 0,59144 0,31826 0,09061 0,16092 0,61284 1,11606 
26,9 1,88332 0,24725 0,26845 0,28965 0,31086 0,59167 0,31820 0,09060 0,16098 0,61288 1,11621 
27,0 1,88302 0,24729 0,26849 0,28969 0,31089 0,59189 0,31814 0,09059 0,16105 0,61292 1,11636 
27,1 1,88272 0,24734 0,26853 0,28972 0,31092 0,59211 0,31808 0,09058 0,16111 0,61297 1,11651 
27,2 1,88243 0,24738 0,26857 0,28976 0,31095 0,59233 0,31803 0,09056 0,16117 0,61301 1,11665 
27,3 1,88214 0,24742 0,26860 0,28979 0,31097 0,59254 0,31797 0,09055 0,16123 0,61305 1,11679 
27,4 1,88186 0,24746 0,26864 0,28982 0,31100 0,59275 0,31792 0,09054 0,16129 0,61310 1,11693 
27,5 1,88158 0,24750 0,26868 0,28985 0,31103 0,59296 0,31786 0,09053 0,16134 0,61314 1,11706 
27,6 1,88131 0,24754 0,26871 0,28988 0,31106 0,59317 0,31781 0,09052 0,16140 0,61318 1,11719 
27,7 1,88103 0,24758 0,26875 0,28991 0,31108 0,59337 0,31776 0,09051 0,16146 0,61322 1,11732 
27,8 1,88077 0,24761 0,26878 0,28994 0,31111 0,59358 0,31770 0,09050 0,16152 0,61326 1,11745 
27,9 1,88050 0,24765 0,26881 0,28997 0,31113 0,59378 0,31765 0,09049 0,16157 0,61330 1,11757 
28,0 1,88024 0,24769 0,26885 0,29000 0,31116 0,59398 0,31760 0,09048 0,16163 0,61334 1,11770 
28,1 1,87999 0,24772 0,26888 0,29003 0,31118 0,59417 0,31755 0,09047 0,16168 0,61338 1,11781 
28,2 1,87973 0,24776 0,26891 0,29006 0,31121 0,59437 0,31750 0,09046 0,16173 0,61342 1,11793 
28,3 1,87948 0,24779 0,26894 0,29008 0,31123 0,59456 0,31745 0,09045 0,16179 0,61346 1,11805 
28,4 1,87924 0,24783 0,26897 0,29011 0,31125 0,59475 0,31740 0,09044 0,16184 0,61349 1,11816 
28,5 1,87899 0,24786 0,26900 0,29014 0,31128 0,59494 0,31736 0,09043 0,16189 0,61353 1,11827 
28,6 1,87875 0,24789 0,26903 0,29016 0,31130 0,59513 0,31731 0,09042 0,16194 0,61357 1,11838 
28,7 1,87852 0,24792 0,26906 0,29019 0,31132 0,59531 0,31726 0,09042 0,16199 0,61361 1,11849 
28,8 1,87828 0,24796 0,26908 0,29021 0,31134 0,59550 0,31722 0,09041 0,16204 0,61364 1,11859 
28,9 1,87805 0,24799 0,26911 0,29024 0,31136 0,59568 0,31717 0,09040 0,16209 0,61368 1,11869 
29,0 1,87783 0,24802 0,26914 0,29026 0,31138 0,59586 0,31713 0,09039 0,16214 0,61372 1,11880 
29,1 1,87760 0,24805 0,26916 0,29028 0,31140 0,59603 0,31708 0,09038 0,16219 0,61375 1,11889 
29,2 1,87738 0,24808 0,26919 0,29031 0,31142 0,59621 0,31704 0,09037 0,16223 0,61379 1,11899 
29,3 1,87716 0,24811 0,26922 0,29033 0,31144 0,59638 0,31700 0,09036 0,16228 0,61382 1,11909 
29,4 1,87695 0,24813 0,26924 0,29035 0,31146 0,59655 0,31696 0,09036 0,16233 0,61386 1,11918 
29,5 1,87674 0,24816 0,26927 0,29037 0,31147 0,59672 0,31692 0,09035 0,16237 0,61389 1,11927 
29,6 1,87653 0,24819 0,26929 0,29039 0,31149 0,59689 0,31687 0,09034 0,16242 0,61393 1,11936 
29,7 1,87632 0,24822 0,26931 0,29041 0,31151 0,59706 0,31683 0,09033 0,16246 0,61396 1,11945 
29,8 1,87612 0,24824 0,26934 0,29043 0,31153 0,59722 0,31679 0,09032 0,16251 0,61399 1,11954 
29,9 1,87592 0,24827 0,26936 0,29045 0,31154 0,59739 0,31675 0,09032 0,16255 0,61403 1,11962 
30,0 1,87572 0,24829 0,26938 0,29047 0,31156 0,59755 0,31672 0,09031 0,16259 0,61406 1,11971 
30,1 1,87552 0,24832 0,26940 0,29049 0,31158 0,59771 0,31668 0,09030 0,16263 0,61409 1,11979 
30,2 1,87533 0,24834 0,26943 0,29051 0,31159 0,59787 0,31664 0,09029 0,16268 0,61412 1,11987 
30,3 1,87514 0,24837 0,26945 0,29053 0,31161 0,59802 0,31660 0,09029 0,16272 0,61415 1,11995 
30,4 1,87495 0,24839 0,26947 0,29055 0,31162 0,59818 0,31656 0,09028 0,16276 0,61419 1,12003 
30,5 1,87476 0,24842 0,26949 0,29056 0,31164 0,59833 0,31653 0,09027 0,16280 0,61422 1,12010 
30,6 1,87458 0,24844 0,26951 0,29058 0,31165 0,59848 0,31649 0,09027 0,16284 0,61425 1,12018 
30,7 1,87440 0,24846 0,26953 0,29060 0,31167 0,59863 0,31646 0,09026 0,16288 0,61428 1,12025 
30,8 1,87422 0,24848 0,26955 0,29061 0,31168 0,59878 0,31642 0,09025 0,16292 0,61431 1,12033 
30,9 1,87404 0,24850 0,26957 0,29063 0,31169 0,59893 0,31639 0,09025 0,16296 0,61434 1,12040 
31,0 1,87387 0,24853 0,26959 0,29065 0,31171 0,59907 0,31635 0,09024 0,16299 0,61437 1,12047 
31,1 1,87369 0,24855 0,26961 0,29066 0,31172 0,59922 0,31632 0,09023 0,16303 0,61440 1,12054 
31,2 1,87352 0,24857 0,26962 0,29068 0,31173 0,59936 0,31629 0,09023 0,16307 0,61443 1,12060 
31,3 1,87335 0,24859 0,26964 0,29069 0,31175 0,59950 0,31625 0,09022 0,16311 0,61446 1,12067 
31,4 1,87319 0,24861 0,26966 0,29071 0,31176 0,59964 0,31622 0,09021 0,16314 0,61449 1,12073 
31,5 1,87302 0,24863 0,26968 0,29072 0,31177 0,59978 0,31619 0,09021 0,16318 0,61451 1,12080 
31,6 1,87286 0,24865 0,26969 0,29074 0,31178 0,59992 0,31616 0,09020 0,16322 0,61454 1,12086 
31,7 1,87270 0,24867 0,26971 0,29075 0,31179 0,60005 0,31613 0,09019 0,16325 0,61457 1,12092 
31,8 1,87254 0,24869 0,26973 0,29077 0,31181 0,60019 0,31610 0,09019 0,16329 0,61460 1,12098 
31,9 1,87239 0,24870 0,26974 0,29078 0,31182 0,60032 0,31606 0,09018 0,16332 0,61463 1,12104 
32,0 1,87223 0,24872 0,26976 0,29079 0,31183 0,60045 0,31603 0,09018 0,16335 0,61465 1,12110 
32,1 1,87208 0,24874 0,26977 0,29081 0,31184 0,60058 0,31601 0,09017 0,16339 0,61468 1,12116 
32,2 1,87193 0,24876 0,26979 0,29082 0,31185 0,60071 0,31598 0,09017 0,16342 0,61471 1,12122 
32,3 1,87178 0,24878 0,26980 0,29083 0,31186 0,60083 0,31595 0,09016 0,16345 0,61473 1,12127 
32,4 1,87164 0,24879 0,26982 0,29084 0,31187 0,60096 0,31592 0,09015 0,16349 0,61476 1,12133 
32,5 1,87149 0,24881 0,26983 0,29086 0,31188 0,60109 0,31589 0,09015 0,16352 0,61478 1,12138 
32,6 1,87135 0,24883 0,26985 0,29087 0,31189 0,60121 0,31586 0,09014 0,16355 0,61481 1,12143 
32,7 1,87121 0,24884 0,26986 0,29088 0,31190 0,60133 0,31584 0,09014 0,16358 0,61483 1,12149 
32,8 1,87107 0,24886 0,26988 0,29089 0,31191 0,60145 0,31581 0,09013 0,16361 0,61486 1,12154 
32,9 1,87093 0,24887 0,26989 0,29090 0,31192 0,60157 0,31578 0,09013 0,16364 0,61488 1,12159 
33,0 1,87079 0,24889 0,26990 0,29092 0,31193 0,60169 0,31576 0,09012 0,16367 0,61491 1,12164 
33,1 1,87066 0,24891 0,26992 0,29093 0,31194 0,60181 0,31573 0,09012 0,16370 0,61493 1,12169 
33,2 1,87053 0,24892 0,26993 0,29094 0,31195 0,60192 0,31570 0,09011 0,16373 0,61496 1,12173 
33,3 1,87039 0,24893 0,26994 0,29095 0,31196 0,60204 0,31568 0,09011 0,16376 0,61498 1,12178 
33,4 1,87026 0,24895 0,26995 0,29096 0,31196 0,60215 0,31565 0,09010 0,16379 0,61501 1,12183 
33,5 1,87014 0,24896 0,26997 0,29097 0,31197 0,60226 0,31563 0,09010 0,16382 0,61503 1,12187 
33,6 1,87001 0,24898 0,26998 0,29098 0,31198 0,60238 0,31560 0,09009 0,16385 0,61505 1,12192 
33,7 1,86988 0,24899 0,26999 0,29099 0,31199 0,60249 0,31558 0,09009 0,16388 0,61508 1,12196 
33,8 1,86976 0,24901 0,27000 0,29100 0,31200 0,60259 0,31556 0,09008 0,16391 0,61510 1,12200 
33,9 1,86964 0,24902 0,27001 0,29101 0,31200 0,60270 0,31553 0,09008 0,16393 0,61512 1,12205 
34,0 1,86952 0,24903 0,27003 0,29102 0,31201 0,60281 0,31551 0,09007 0,16396 0,61514 1,12209 
34,1 1,86940 0,24905 0,27004 0,29103 0,31202 0,60292 0,31549 0,09007 0,16399 0,61517 1,12213 
34,2 1,86928 0,24906 0,27005 0,29104 0,31203 0,60302 0,31546 0,09007 0,16401 0,61519 1,12217 
34,3 1,86916 0,24907 0,27006 0,29105 0,31203 0,60312 0,31544 0,09006 0,16404 0,61521 1,12221 
34,4 1,86905 0,24908 0,27007 0,29106 0,31204 0,60323 0,31542 0,09006 0,16407 0,61523 1,12225 
34,5 1,86893 0,24910 0,27008 0,29106 0,31205 0,60333 0,31540 0,09005 0,16409 0,61525 1,12229 
34,6 1,86882 0,24911 0,27009 0,29107 0,31206 0,60343 0,31538 0,09005 0,16412 0,61527 1,12233 
34,7 1,86871 0,24912 0,27010 0,29108 0,31206 0,60353 0,31535 0,09004 0,16414 0,61529 1,12236 
34,8 1,86860 0,24913 0,27011 0,29109 0,31207 0,60363 0,31533 0,09004 0,16417 0,61531 1,12240 
34,9 1,86849 0,24914 0,27012 0,29110 0,31208 0,60372 0,31531 0,09004 0,16419 0,61534 1,12244 
35,0 1,86838 0,24915 0,27013 0,29111 0,31208 0,60382 0,31529 0,09003 0,16422 0,61536 1,12247 
35,1 1,86828 0,24916 0,27014 0,29111 0,31209 0,60392 0,31527 0,09003 0,16424 0,61538 1,12251 
35,2 1,86817 0,24918 0,27015 0,29112 0,31209 0,60401 0,31525 0,09002 0,16426 0,61540 1,12254 
35,3 1,86807 0,24919 0,27016 0,29113 0,31210 0,60410 0,31523 0,09002 0,16429 0,61542 1,12257 
35,4 1,86796 0,24920 0,27017 0,29114 0,31211 0,60420 0,31521 0,09002 0,16431 0,61544 1,12261 
35,5 1,86786 0,24921 0,27018 0,29114 0,31211 0,60429 0,31519 0,09001 0,16433 0,61545 1,12264 
35,6 1,86776 0,24922 0,27019 0,29115 0,31212 0,60438 0,31517 0,09001 0,16436 0,61547 1,12267 
35,7 1,86766 0,24923 0,27019 0,29116 0,31212 0,60447 0,31516 0,09000 0,16438 0,61549 1,12271 
35,8 1,86757 0,24924 0,27020 0,29117 0,31213 0,60456 0,31514 0,09000 0,16440 0,61551 1,12274 
35,9 1,86747 0,24925 0,27021 0,29117 0,31214 0,60465 0,31512 0,09000 0,16442 0,61553 1,12277 
36,0 1,86737 0,24926 0,27022 0,29118 0,31214 0,60473 0,31510 0,08999 0,16445 0,61555 1,12280 
36,1 1,86728 0,24927 0,27023 0,29119 0,31215 0,60482 0,31508 0,08999 0,16447 0,61557 1,12283 
36,2 1,86718 0,24928 0,27024 0,29119 0,31215 0,60490 0,31507 0,08999 0,16449 0,61559 1,12286 
36,3 1,86709 0,24929 0,27024 0,29120 0,31216 0,60499 0,31505 0,08998 0,16451 0,61560 1,12289 
36,4 1,86700 0,24930 0,27025 0,29121 0,31216 0,60507 0,31503 0,08998 0,16453 0,61562 1,12292 
36,5 1,86691 0,24931 0,27026 0,29121 0,31217 0,60515 0,31501 0,08998 0,16455 0,61564 1,12294 
36,6 1,86682 0,24931 0,27027 0,29122 0,31217 0,60524 0,31500 0,08997 0,16457 0,61566 1,12297 
36,7 1,86673 0,24932 0,27027 0,29123 0,31218 0,60532 0,31498 0,08997 0,16459 0,61567 1,12300 
36,8 1,86664 0,24933 0,27028 0,29123 0,31218 0,60540 0,31496 0,08997 0,16461 0,61569 1,12303 
36,9 1,86656 0,24934 0,27029 0,29124 0,31219 0,60548 0,31495 0,08996 0,16463 0,61571 1,12305 
37,0 1,86647 0,24935 0,27030 0,29124 0,31219 0,60556 0,31493 0,08996 0,16465 0,61572 1,12308 
37,1 1,86639 0,24936 0,27030 0,29125 0,31220 0,60563 0,31492 0,08996 0,16467 0,61574 1,12310 
37,2 1,86630 0,24937 0,27031 0,29125 0,31220 0,60571 0,31490 0,08995 0,16469 0,61576 1,12313 
37,3 1,86622 0,24937 0,27032 0,29126 0,31220 0,60579 0,31488 0,08995 0,16471 0,61577 1,12315 
37,4 1,86614 0,24938 0,27032 0,29127 0,31221 0,60586 0,31487 0,08995 0,16473 0,61579 1,12318 
37,5 1,86606 0,24939 0,27033 0,29127 0,31221 0,60594 0,31485 0,08995 0,16475 0,61581 1,12320 
37,6 1,86598 0,24940 0,27034 0,29128 0,31222 0,60601 0,31484 0,08994 0,16477 0,61582 1,12323 
37,7 1,86590 0,24940 0,27034 0,29128 0,31222 0,60609 0,31482 0,08994 0,16478 0,61584 1,12325 
37,8 1,86582 0,24941 0,27035 0,29129 0,31223 0,60616 0,31481 0,08994 0,16480 0,61585 1,12327 
37,9 1,86574 0,24942 0,27036 0,29129 0,31223 0,60623 0,31480 0,08993 0,16482 0,61587 1,12330 
38,0 1,86567 0,24943 0,27036 0,29130 0,31223 0,60630 0,31478 0,08993 0,16484 0,61588 1,12332 
38,1 1,86559 0,24943 0,27037 0,29130 0,31224 0,60637 0,31477 0,08993 0,16486 0,61590 1,12334 
38,2 1,86551 0,24944 0,27037 0,29131 0,31224 0,60644 0,31475 0,08992 0,16487 0,61591 1,12336 
38,3 1,86544 0,24945 0,27038 0,29131 0,31224 0,60651 0,31474 0,08992 0,16489 0,61593 1,12339 
38,4 1,86537 0,24946 0,27039 0,29132 0,31225 0,60658 0,31473 0,08992 0,16491 0,61594 1,12341 
38,5 1,86529 0,24946 0,27039 0,29132 0,31225 0,60665 0,31471 0,08992 0,16492 0,61596 1,12343 
38,6 1,86522 0,24947 0,27040 0,29133 0,31226 0,60671 0,31470 0,08991 0,16494 0,61597 1,12345 
38,7 1,86515 0,24948 0,27040 0,29133 0,31226 0,60678 0,31469 0,08991 0,16496 0,61599 1,12347 
38,8 1,86508 0,24948 0,27041 0,29134 0,31226 0,60684 0,31467 0,08991 0,16497 0,61600 1,12349 
38,9 1,86501 0,24949 0,27041 0,29134 0,31227 0,60691 0,31466 0,08991 0,16499 0,61601 1,12351 
39,0 1,86494 0,24950 0,27042 0,29134 0,31227 0,60697 0,31465 0,08990 0,16501 0,61603 1,12353 
39,1 1,86488 0,24950 0,27043 0,29135 0,31227 0,60704 0,31464 0,08990 0,16502 0,61604 1,12355 
39,2 1,86481 0,24951 0,27043 0,29135 0,31228 0,60710 0,31462 0,08990 0,16504 0,61606 1,12357 
39,3 1,86474 0,24951 0,27044 0,29136 0,31228 0,60716 0,31461 0,08990 0,16505 0,61607 1,12359 
39,4 1,86468 0,24952 0,27044 0,29136 0,31228 0,60722 0,31460 0,08989 0,16507 0,61608 1,12360 
39,5 1,86461 0,24953 0,27045 0,29137 0,31229 0,60729 0,31459 0,08989 0,16508 0,61610 1,12362 
39,6 1,86455 0,24953 0,27045 0,29137 0,31229 0,60735 0,31457 0,08989 0,16510 0,61611 1,12364 
39,7 1,86448 0,24954 0,27046 0,29137 0,31229 0,60741 0,31456 0,08989 0,16511 0,61612 1,12366 
39,8 1,86442 0,24954 0,27046 0,29138 0,31229 0,60747 0,31455 0,08988 0,16513 0,61613 1,12368 
39,9 1,86436 0,24955 0,27047 0,29138 0,31230 0,60752 0,31454 0,08988 0,16514 0,61615 1,12369 

--- Steady-state rewards ---
Pool : 1.858371150311632530890
Ph1 : 0.250032892003843076787
Ph2 : 0.270868966337496959060
Ph3 : 0.291705040671148972970
Ph4 : 0.312541115004802034396
A1 : 0.613328193001569076290
A2 : 0.313490570056672419615
A3 : 0.089662072612835121588
If(Pool==0,1,0) : 0.166557026653859650209
If(A1>0 || A2>0 || A3>0,1,0) : 0.617422884628344218819
Ph1+Ph2+Ph3+Ph4 : 1.125148014017291043213

