Initial marking: 2Pool 
Rewards:
Pool
P1
A1
P2
A2
P3
A3
Ph1
Ph2
Ph3
Ph4
If(Pool==0,1,0)
If(A1>0,1,0)
If(A2>0,1,0)
If(A3>0,1,0)

--- Transient Reward Values ---
Time 0,00: 2,00000 0,00000 0,00000 0,00000 0,00000 0,00000 0,00000 0,00000 0,00000 0,00000 0,00000 0,00000 0,00000 0,00000 0,00000 
Time 0,10: 1,98500 0,00476 0,00021 0,00476 0,00023 0,00476 0,00023 0,00002 0,00001 0,00001 0,00001 0,00011 0,00021 0,00023 0,00023 
Time 0,20: 1,97001 0,00906 0,00072 0,00906 0,00087 0,00906 0,00087 0,00011 0,00005 0,00005 0,00011 0,00044 0,00072 0,00087 0,00087 
Time 0,30: 1,95505 0,01296 0,00140 0,01296 0,00184 0,01296 0,00184 0,00035 0,00015 0,00015 0,00033 0,00098 0,00140 0,00184 0,00184 
Time 0,40: 1,94015 0,01649 0,00216 0,01649 0,00306 0,01649 0,00306 0,00075 0,00032 0,00031 0,00071 0,00172 0,00215 0,00306 0,00306 
Time 0,50: 1,92532 0,01969 0,00293 0,01969 0,00448 0,01969 0,00448 0,00136 0,00056 0,00054 0,00126 0,00266 0,00293 0,00447 0,00447 
Time 0,60: 1,91060 0,02258 0,00370 0,02258 0,00604 0,02258 0,00604 0,00218 0,00086 0,00084 0,00199 0,00378 0,00369 0,00603 0,00603 
Time 0,70: 1,89602 0,02520 0,00443 0,02520 0,00771 0,02520 0,00771 0,00322 0,00123 0,00119 0,00289 0,00507 0,00442 0,00769 0,00769 
Time 0,80: 1,88159 0,02757 0,00513 0,02757 0,00945 0,02757 0,00945 0,00448 0,00166 0,00159 0,00395 0,00651 0,00511 0,00942 0,00942 
Time 0,90: 1,86735 0,02972 0,00577 0,02972 0,01123 0,02972 0,01123 0,00595 0,00213 0,00203 0,00516 0,00811 0,00575 0,01119 0,01119 
Time 1,00: 1,85331 0,03166 0,00636 0,03166 0,01303 0,03166 0,01303 0,00762 0,00265 0,00251 0,00651 0,00983 0,00634 0,01297 0,01297 
Time 1,10: 1,83950 0,03341 0,00691 0,03341 0,01482 0,03341 0,01482 0,00950 0,00321 0,00302 0,00798 0,01168 0,00688 0,01474 0,01474 
Time 1,20: 1,82594 0,03500 0,00741 0,03500 0,01659 0,03500 0,01659 0,01157 0,00380 0,00356 0,00955 0,01363 0,00738 0,01649 0,01649 
Time 1,30: 1,81263 0,03643 0,00786 0,03643 0,01833 0,03643 0,01833 0,01381 0,00442 0,00411 0,01122 0,01568 0,00782 0,01821 0,01821 
Time 1,40: 1,79959 0,03772 0,00827 0,03772 0,02002 0,03772 0,02002 0,01622 0,00507 0,00468 0,01297 0,01781 0,00823 0,01988 0,01988 
Time 1,50: 1,78683 0,03889 0,00864 0,03889 0,02166 0,03889 0,02166 0,01878 0,00573 0,00526 0,01478 0,02001 0,00860 0,02149 0,02149 
Time 1,60: 1,77436 0,03994 0,00898 0,03994 0,02324 0,03994 0,02324 0,02149 0,00640 0,00584 0,01663 0,02226 0,00893 0,02304 0,02304 
Time 1,70: 1,76218 0,04088 0,00929 0,04088 0,02476 0,04088 0,02476 0,02432 0,00709 0,00643 0,01852 0,02456 0,00923 0,02453 0,02453 
Time 1,80: 1,75031 0,04173 0,00956 0,04173 0,02621 0,04173 0,02621 0,02727 0,00778 0,00702 0,02044 0,02690 0,00950 0,02595 0,02595 
Time 1,90: 1,73875 0,04249 0,00981 0,04249 0,02759 0,04249 0,02759 0,03033 0,00848 0,00761 0,02237 0,02926 0,00975 0,02731 0,02731 
Time 2,00: 1,72749 0,04318 0,01003 0,04318 0,02890 0,04318 0,02890 0,03348 0,00917 0,00819 0,02431 0,03164 0,00996 0,02859 0,02859 
Time 2,10: 1,71655 0,04379 0,01023 0,04379 0,03014 0,04379 0,03014 0,03672 0,00987 0,00876 0,02623 0,03403 0,01016 0,02980 0,02980 
Time 2,20: 1,70591 0,04433 0,01041 0,04433 0,03131 0,04433 0,03131 0,04002 0,01057 0,00933 0,02815 0,03641 0,01034 0,03095 0,03095 
Time 2,30: 1,69558 0,04482 0,01057 0,04482 0,03241 0,04482 0,03241 0,04339 0,01126 0,00988 0,03004 0,03879 0,01049 0,03202 0,03202 
Time 2,40: 1,68555 0,04525 0,01071 0,04525 0,03345 0,04525 0,03345 0,04682 0,01195 0,01043 0,03191 0,04116 0,01063 0,03303 0,03303 
Time 2,50: 1,67582 0,04563 0,01084 0,04563 0,03442 0,04563 0,03442 0,05029 0,01263 0,01096 0,03375 0,04351 0,01076 0,03398 0,03398 
Time 2,60: 1,66639 0,04596 0,01095 0,04596 0,03533 0,04596 0,03533 0,05379 0,01330 0,01148 0,03554 0,04583 0,01087 0,03486 0,03486 
Time 2,70: 1,65726 0,04626 0,01105 0,04626 0,03617 0,04626 0,03617 0,05732 0,01396 0,01199 0,03730 0,04813 0,01097 0,03568 0,03568 
Time 2,80: 1,64841 0,04652 0,01114 0,04652 0,03696 0,04652 0,03696 0,06088 0,01461 0,01248 0,03901 0,05039 0,01106 0,03645 0,03645 
Time 2,90: 1,63984 0,04674 0,01122 0,04674 0,03769 0,04674 0,03769 0,06445 0,01524 0,01296 0,04067 0,05262 0,01113 0,03716 0,03716 
Time 3,00: 1,63155 0,04694 0,01129 0,04694 0,03837 0,04694 0,03837 0,06802 0,01587 0,01342 0,04229 0,05481 0,01120 0,03782 0,03782 
Time 3,10: 1,62353 0,04711 0,01135 0,04711 0,03900 0,04711 0,03900 0,07160 0,01648 0,01387 0,04385 0,05697 0,01126 0,03843 0,03843 
Time 3,20: 1,61578 0,04725 0,01140 0,04725 0,03958 0,04725 0,03958 0,07518 0,01708 0,01430 0,04536 0,05907 0,01131 0,03899 0,03899 
Time 3,30: 1,60827 0,04737 0,01145 0,04737 0,04011 0,04737 0,04011 0,07874 0,01767 0,01472 0,04682 0,06114 0,01136 0,03951 0,03951 
Time 3,40: 1,60102 0,04747 0,01149 0,04747 0,04060 0,04747 0,04060 0,08230 0,01824 0,01512 0,04822 0,06316 0,01139 0,03998 0,03998 
Time 3,50: 1,59401 0,04755 0,01152 0,04755 0,04106 0,04755 0,04106 0,08584 0,01880 0,01551 0,04956 0,06513 0,01143 0,04042 0,04042 
Time 3,60: 1,58724 0,04761 0,01155 0,04762 0,04147 0,04761 0,04147 0,08935 0,01934 0,01588 0,05085 0,06706 0,01145 0,04082 0,04082 
Time 3,70: 1,58070 0,04766 0,01157 0,04767 0,04185 0,04767 0,04185 0,09285 0,01987 0,01624 0,05209 0,06894 0,01148 0,04119 0,04119 
Time 3,80: 1,57437 0,04770 0,01159 0,04770 0,04219 0,04770 0,04219 0,09631 0,02038 0,01658 0,05327 0,07077 0,01150 0,04152 0,04152 
Time 3,90: 1,56826 0,04773 0,01161 0,04773 0,04251 0,04773 0,04251 0,09975 0,02088 0,01691 0,05440 0,07256 0,01151 0,04182 0,04183 
Time 4,00: 1,56236 0,04774 0,01162 0,04774 0,04279 0,04774 0,04279 0,10315 0,02136 0,01722 0,05548 0,07430 0,01152 0,04210 0,04210 
Time 4,10: 1,55665 0,04775 0,01163 0,04775 0,04305 0,04775 0,04305 0,10652 0,02183 0,01752 0,05650 0,07599 0,01153 0,04235 0,04235 
Time 4,20: 1,55115 0,04774 0,01163 0,04775 0,04328 0,04774 0,04328 0,10985 0,02229 0,01781 0,05748 0,07764 0,01154 0,04257 0,04258 
Time 4,30: 1,54582 0,04773 0,01164 0,04773 0,04349 0,04773 0,04349 0,11314 0,02273 0,01808 0,05840 0,07924 0,01154 0,04278 0,04278 
Time 4,40: 1,54068 0,04772 0,01164 0,04772 0,04368 0,04772 0,04368 0,11640 0,02316 0,01834 0,05928 0,08080 0,01154 0,04296 0,04296 
Time 4,50: 1,53571 0,04769 0,01164 0,04769 0,04384 0,04769 0,04384 0,11961 0,02357 0,01859 0,06011 0,08232 0,01154 0,04312 0,04312 
Time 4,60: 1,53091 0,04767 0,01163 0,04767 0,04399 0,04767 0,04399 0,12278 0,02397 0,01883 0,06090 0,08380 0,01154 0,04326 0,04327 
Time 4,70: 1,52626 0,04763 0,01163 0,04763 0,04412 0,04763 0,04412 0,12591 0,02435 0,01905 0,06164 0,08523 0,01153 0,04339 0,04340 
Time 4,80: 1,52178 0,04760 0,01162 0,04760 0,04424 0,04760 0,04424 0,12900 0,02472 0,01926 0,06235 0,08662 0,01153 0,04350 0,04351 
Time 4,90: 1,51744 0,04756 0,01162 0,04756 0,04434 0,04756 0,04434 0,13204 0,02508 0,01947 0,06301 0,08798 0,01152 0,04360 0,04361 
Time 5,00: 1,51325 0,04751 0,01161 0,04751 0,04443 0,04751 0,04443 0,13503 0,02543 0,01966 0,06363 0,08930 0,01151 0,04369 0,04369 
Time 5,10: 1,50919 0,04747 0,01160 0,04747 0,04450 0,04747 0,04450 0,13798 0,02576 0,01984 0,06422 0,09058 0,01151 0,04376 0,04376 
Time 5,20: 1,50527 0,04742 0,01159 0,04742 0,04456 0,04742 0,04457 0,14088 0,02608 0,02001 0,06476 0,09182 0,01150 0,04382 0,04383 
Time 5,30: 1,50148 0,04737 0,01158 0,04737 0,04462 0,04737 0,04462 0,14374 0,02639 0,02017 0,06528 0,09303 0,01149 0,04387 0,04388 
Time 5,40: 1,49780 0,04732 0,01157 0,04732 0,04466 0,04732 0,04466 0,14656 0,02669 0,02032 0,06576 0,09421 0,01148 0,04392 0,04392 
Time 5,50: 1,49425 0,04727 0,01156 0,04727 0,04470 0,04727 0,04470 0,14932 0,02698 0,02047 0,06621 0,09535 0,01147 0,04395 0,04396 
Time 5,60: 1,49081 0,04722 0,01155 0,04722 0,04472 0,04722 0,04473 0,15204 0,02725 0,02060 0,06664 0,09646 0,01145 0,04398 0,04398 
Time 5,70: 1,48748 0,04716 0,01154 0,04717 0,04474 0,04717 0,04475 0,15472 0,02751 0,02073 0,06703 0,09754 0,01144 0,04400 0,04400 
Time 5,80: 1,48426 0,04711 0,01153 0,04711 0,04476 0,04711 0,04476 0,15735 0,02777 0,02085 0,06739 0,09860 0,01143 0,04401 0,04402 
Time 5,90: 1,48113 0,04706 0,01151 0,04706 0,04477 0,04706 0,04477 0,15994 0,02801 0,02096 0,06774 0,09962 0,01142 0,04402 0,04403 
Time 6,00: 1,47810 0,04700 0,01150 0,04700 0,04477 0,04700 0,04477 0,16248 0,02825 0,02107 0,06805 0,10062 0,01141 0,04402 0,04403 
Time 6,10: 1,47517 0,04695 0,01149 0,04695 0,04477 0,04695 0,04477 0,16498 0,02847 0,02116 0,06834 0,10159 0,01140 0,04402 0,04403 
Time 6,20: 1,47233 0,04690 0,01148 0,04690 0,04476 0,04690 0,04476 0,16743 0,02869 0,02126 0,06861 0,10253 0,01138 0,04402 0,04402 
Time 6,30: 1,46957 0,04684 0,01146 0,04684 0,04475 0,04684 0,04475 0,16984 0,02889 0,02134 0,06886 0,10345 0,01137 0,04401 0,04401 
Time 6,40: 1,46689 0,04679 0,01145 0,04679 0,04473 0,04679 0,04474 0,17221 0,02909 0,02142 0,06910 0,10435 0,01136 0,04399 0,04400 
Time 6,50: 1,46430 0,04674 0,01144 0,04674 0,04472 0,04674 0,04472 0,17454 0,02928 0,02150 0,06931 0,10522 0,01135 0,04398 0,04398 
Time 6,60: 1,46178 0,04668 0,01143 0,04669 0,04470 0,04668 0,04470 0,17682 0,02946 0,02157 0,06950 0,10608 0,01134 0,04396 0,04396 
Time 6,70: 1,45933 0,04663 0,01142 0,04663 0,04467 0,04663 0,04467 0,17906 0,02963 0,02163 0,06968 0,10691 0,01132 0,04394 0,04394 
Time 6,80: 1,45695 0,04658 0,01140 0,04658 0,04465 0,04658 0,04465 0,18127 0,02980 0,02169 0,06984 0,10772 0,01131 0,04391 0,04392 
Time 6,90: 1,45465 0,04653 0,01139 0,04653 0,04462 0,04653 0,04462 0,18343 0,02996 0,02175 0,06999 0,10851 0,01130 0,04389 0,04389 
Time 7,00: 1,45241 0,04648 0,01138 0,04648 0,04459 0,04648 0,04459 0,18556 0,03011 0,02180 0,07012 0,10928 0,01129 0,04386 0,04387 
Time 7,10: 1,45023 0,04643 0,01137 0,04643 0,04456 0,04643 0,04456 0,18764 0,03026 0,02184 0,07024 0,11003 0,01128 0,04383 0,04384 
Time 7,20: 1,44811 0,04638 0,01136 0,04638 0,04453 0,04638 0,04453 0,18969 0,03039 0,02189 0,07035 0,11077 0,01126 0,04380 0,04381 
Time 7,30: 1,44605 0,04634 0,01134 0,04634 0,04450 0,04634 0,04450 0,19170 0,03053 0,02192 0,07045 0,11148 0,01125 0,04377 0,04378 
Time 7,40: 1,44404 0,04629 0,01133 0,04629 0,04447 0,04629 0,04447 0,19367 0,03065 0,02196 0,07054 0,11218 0,01124 0,04374 0,04375 
Time 7,50: 1,44209 0,04624 0,01132 0,04624 0,04443 0,04624 0,04443 0,19561 0,03077 0,02199 0,07061 0,11287 0,01123 0,04371 0,04371 
Time 7,60: 1,44020 0,04620 0,01131 0,04620 0,04440 0,04620 0,04440 0,19751 0,03089 0,02202 0,07068 0,11354 0,01122 0,04368 0,04368 
Time 7,70: 1,43835 0,04615 0,01130 0,04615 0,04436 0,04615 0,04437 0,19938 0,03100 0,02205 0,07074 0,11419 0,01121 0,04364 0,04365 
Time 7,80: 1,43655 0,04611 0,01129 0,04611 0,04433 0,04611 0,04433 0,20121 0,03110 0,02207 0,07079 0,11483 0,01120 0,04361 0,04362 
Time 7,90: 1,43480 0,04607 0,01128 0,04607 0,04429 0,04607 0,04429 0,20301 0,03120 0,02209 0,07083 0,11546 0,01119 0,04358 0,04358 
Time 8,00: 1,43309 0,04602 0,01127 0,04603 0,04426 0,04602 0,04426 0,20478 0,03129 0,02211 0,07087 0,11607 0,01118 0,04354 0,04355 
Time 8,10: 1,43143 0,04598 0,01126 0,04598 0,04422 0,04598 0,04422 0,20651 0,03138 0,02213 0,07090 0,11667 0,01117 0,04351 0,04351 
Time 8,20: 1,42981 0,04594 0,01125 0,04594 0,04419 0,04594 0,04419 0,20821 0,03147 0,02214 0,07092 0,11725 0,01116 0,04348 0,04348 
Time 8,30: 1,42823 0,04590 0,01124 0,04590 0,04415 0,04590 0,04415 0,20988 0,03155 0,02216 0,07094 0,11783 0,01115 0,04344 0,04345 
Time 8,40: 1,42668 0,04586 0,01123 0,04586 0,04411 0,04586 0,04412 0,21152 0,03162 0,02217 0,07095 0,11839 0,01114 0,04341 0,04341 
Time 8,50: 1,42518 0,04583 0,01122 0,04583 0,04408 0,04583 0,04408 0,21313 0,03170 0,02218 0,07096 0,11894 0,01113 0,04337 0,04338 
Time 8,60: 1,42371 0,04579 0,01121 0,04579 0,04404 0,04579 0,04405 0,21471 0,03177 0,02218 0,07096 0,11948 0,01112 0,04334 0,04334 
Time 8,70: 1,42228 0,04575 0,01120 0,04575 0,04401 0,04575 0,04401 0,21627 0,03183 0,02219 0,07096 0,12001 0,01111 0,04331 0,04331 
Time 8,80: 1,42088 0,04572 0,01119 0,04572 0,04397 0,04572 0,04398 0,21779 0,03189 0,02219 0,07095 0,12052 0,01110 0,04327 0,04328 
Time 8,90: 1,41952 0,04568 0,01118 0,04568 0,04394 0,04568 0,04394 0,21928 0,03195 0,02219 0,07094 0,12103 0,01110 0,04324 0,04325 
Time 9,00: 1,41818 0,04565 0,01117 0,04565 0,04391 0,04565 0,04391 0,22075 0,03201 0,02220 0,07093 0,12153 0,01109 0,04321 0,04321 
Time 9,10: 1,41688 0,04561 0,01117 0,04561 0,04387 0,04561 0,04387 0,22220 0,03206 0,02220 0,07092 0,12201 0,01108 0,04318 0,04318 
Time 9,20: 1,41561 0,04558 0,01116 0,04558 0,04384 0,04558 0,04384 0,22361 0,03211 0,02220 0,07090 0,12249 0,01107 0,04314 0,04315 
Time 9,30: 1,41437 0,04555 0,01115 0,04555 0,04381 0,04555 0,04381 0,22500 0,03216 0,02219 0,07088 0,12296 0,01106 0,04311 0,04312 
Time 9,40: 1,41315 0,04551 0,01114 0,04551 0,04377 0,04551 0,04378 0,22637 0,03220 0,02219 0,07085 0,12342 0,01106 0,04308 0,04309 
Time 9,50: 1,41196 0,04548 0,01113 0,04548 0,04374 0,04548 0,04374 0,22771 0,03224 0,02219 0,07083 0,12387 0,01105 0,04305 0,04306 
Time 9,60: 1,41080 0,04545 0,01113 0,04545 0,04371 0,04545 0,04371 0,22902 0,03228 0,02218 0,07080 0,12431 0,01104 0,04302 0,04303 
Time 9,70: 1,40967 0,04542 0,01112 0,04542 0,04368 0,04542 0,04368 0,23031 0,03232 0,02218 0,07078 0,12474 0,01103 0,04299 0,04300 
Time 9,80: 1,40856 0,04539 0,01111 0,04539 0,04365 0,04539 0,04365 0,23158 0,03235 0,02217 0,07075 0,12517 0,01103 0,04296 0,04297 
Time 9,90: 1,40747 0,04536 0,01110 0,04536 0,04362 0,04536 0,04362 0,23283 0,03238 0,02216 0,07071 0,12558 0,01102 0,04293 0,04294 

Stima dimensione state space: 81

----- Steady-State Rewards -----
Ph1 : 0.30497689070633089330
If(A1>0,1,0) : 0.01062405619985423841
Pool : 1.34912274332481838800
A2 : 0.04187351918345441956
P2 : 0.04374403600138587695
If(A3>0,1,0) : 0.04125460167663649460
If(Pool==0,1,0) : 0.15007550401166226531
A3 : 0.04187541323802671300
Ph2 : 0.03174261327992981120
P3 : 0.04374403600138593575
If(A2>0,1,0) : 0.04125081356749184136
A1 : 0.01070204372851927278
Ph3 : 0.02103714271426068334
Ph4 : 0.06743752582050147527
P1 : 0.04374403600138595747
