--- TRANSIENT (dynamic net) ---
t   Pool    Ph1     Ph2     Ph3     Ph4     PhaseLow PhaseHigh 
0,0 6,69924 0,28905 0,31314 0,33724 0,36133 1,00000 0,00000 
0,1 6,12608 0,40391 0,44696 0,49000 0,53305 0,99005 0,00995 
0,2 5,55047 0,51970 0,58149 0,64328 0,70506 0,98020 0,01980 
0,3 4,98028 0,63484 0,71490 0,79496 0,87502 0,97045 0,02955 
0,4 4,42771 0,74685 0,84433 0,94181 1,03929 0,96079 0,03921 
0,5 3,90358 0,85355 0,96725 1,08096 1,19466 0,95123 0,04877 
0,6 3,41554 0,95336 1,08186 1,21037 1,33887 0,94176 0,05824 
0,7 2,96863 1,04523 1,18697 1,32871 1,47045 0,93239 0,06761 
0,8 2,56579 1,12854 1,28188 1,43522 1,58856 0,92312 0,07688 
0,9 2,20811 1,20301 1,36632 1,52962 1,69293 0,91393 0,08607 
1,0 1,89499 1,26874 1,44041 1,61209 1,78376 0,90484 0,09516 
1,1 1,62444 1,32607 1,50462 1,68316 1,86171 0,89583 0,10417 
1,2 1,39342 1,37557 1,55962 1,74367 1,92772 0,88692 0,11308 
1,3 1,19823 1,41796 1,60628 1,79460 1,98292 0,87810 0,12190 
1,4 1,03485 1,45401 1,64553 1,83704 2,02856 0,86936 0,13064 
1,5 0,89920 1,48451 1,67830 1,87209 2,06588 0,86071 0,13929 
1,6 0,78735 1,51023 1,70552 1,90080 2,09609 0,85214 0,14786 
1,7 0,69566 1,53188 1,72802 1,92415 2,12029 0,84366 0,15634 
1,8 0,62085 1,55010 1,74656 1,94301 2,13947 0,83527 0,16473 
1,9 0,56003 1,56546 1,76182 1,95817 2,15452 0,82696 0,17304 
2,0 0,51072 1,57845 1,77437 1,97028 2,16619 0,81873 0,18127 
2,1 0,47078 1,58949 1,78470 1,97991 2,17511 0,81058 0,18942 
2,2 0,43846 1,59893 1,79323 1,98754 2,18184 0,80252 0,19748 
2,3 0,41227 1,60706 1,80031 1,99356 2,18681 0,79453 0,20547 
2,4 0,39099 1,61412 1,80621 1,99830 2,19038 0,78663 0,21337 
2,5 0,37366 1,62031 1,81116 2,00201 2,19286 0,77880 0,22120 
2,6 0,35945 1,62579 1,81535 2,00492 2,19449 0,77105 0,22895 
2,7 0,34773 1,63068 1,81894 2,00719 2,19545 0,76338 0,23662 
2,8 0,33799 1,63510 1,82204 2,00897 2,19590 0,75578 0,24422 
2,9 0,32981 1,63913 1,82474 2,01035 2,19596 0,74826 0,25174 
3,0 0,32287 1,64284 1,82713 2,01143 2,19573 0,74082 0,25918 
3,1 0,31690 1,64627 1,82927 2,01228 2,19528 0,73345 0,26655 
3,2 0,31170 1,64947 1,83121 2,01294 2,19468 0,72615 0,27385 
3,3 0,30712 1,65247 1,83297 2,01347 2,19397 0,71892 0,28108 
3,4 0,30302 1,65531 1,83460 2,01389 2,19318 0,71177 0,28823 
3,5 0,29931 1,65801 1,83612 2,01423 2,19234 0,70469 0,29531 
3,6 0,29590 1,66057 1,83754 2,01451 2,19148 0,69768 0,30232 
3,7 0,29274 1,66302 1,83888 2,01474 2,19060 0,69073 0,30927 
3,8 0,28979 1,66537 1,84016 2,01495 2,18973 0,68386 0,31614 
3,9 0,28699 1,66763 1,84138 2,01512 2,18887 0,67706 0,32294 
4,0 0,28433 1,66980 1,84255 2,01529 2,18803 0,67032 0,32968 
4,1 0,28178 1,67190 1,84367 2,01544 2,18721 0,66365 0,33635 
4,2 0,27932 1,67392 1,84475 2,01559 2,18642 0,65705 0,34295 
4,3 0,27693 1,67588 1,84580 2,01573 2,18565 0,65051 0,34949 
4,4 0,27462 1,67777 1,84682 2,01587 2,18492 0,64404 0,35596 
4,5 0,27236 1,67960 1,84780 2,01601 2,18422 0,63763 0,36237 
4,6 0,27016 1,68137 1,84876 2,01615 2,18355 0,63128 0,36872 
4,7 0,26800 1,68309 1,84970 2,01630 2,18291 0,62500 0,37500 
4,8 0,26589 1,68476 1,85060 2,01645 2,18230 0,61878 0,38122 
4,9 0,26381 1,68637 1,85149 2,01660 2,18172 0,61263 0,38737 
5,0 0,26177 1,68794 1,85235 2,01676 2,18117 0,60653 0,39347 
5,1 0,25976 1,68946 1,85319 2,01692 2,18065 0,60050 0,39950 
5,2 0,25779 1,69094 1,85402 2,01709 2,18017 0,59452 0,40548 
5,3 0,25584 1,69238 1,85482 2,01726 2,17970 0,58860 0,41139 
5,4 0,25392 1,69377 1,85560 2,01744 2,17927 0,58275 0,41725 
5,5 0,25203 1,69512 1,85637 2,01762 2,17886 0,57695 0,42305 
5,6 0,25016 1,69644 1,85712 2,01780 2,17848 0,57121 0,42879 
5,7 0,24832 1,69772 1,85785 2,01798 2,17812 0,56553 0,43447 
5,8 0,24651 1,69896 1,85857 2,01818 2,17778 0,55990 0,44010 
5,9 0,24472 1,70017 1,85927 2,01837 2,17747 0,55433 0,44567 
6,0 0,24295 1,70135 1,85996 2,01857 2,17718 0,54881 0,45119 
6,1 0,24120 1,70249 1,86063 2,01877 2,17691 0,54335 0,45665 
6,2 0,23948 1,70360 1,86129 2,01897 2,17666 0,53794 0,46206 
6,3 0,23778 1,70468 1,86193 2,01918 2,17642 0,53259 0,46741 
6,4 0,23610 1,70574 1,86256 2,01939 2,17621 0,52729 0,47271 
6,5 0,23444 1,70676 1,86318 2,01960 2,17602 0,52205 0,47795 
6,6 0,23280 1,70776 1,86378 2,01981 2,17584 0,51685 0,48315 
6,7 0,23119 1,70873 1,86438 2,02003 2,17568 0,51171 0,48829 
6,8 0,22959 1,70967 1,86496 2,02025 2,17553 0,50662 0,49338 
6,9 0,22801 1,71059 1,86553 2,02046 2,17540 0,50158 0,49842 
7,0 0,22645 1,71149 1,86609 2,02069 2,17528 0,49659 0,50341 
7,1 0,22491 1,71236 1,86664 2,02091 2,17518 0,49164 0,50836 
7,2 0,22338 1,71322 1,86717 2,02113 2,17509 0,48675 0,51325 
7,3 0,22188 1,71405 1,86770 2,02136 2,17502 0,48191 0,51809 
7,4 0,22039 1,71485 1,86822 2,02158 2,17495 0,47711 0,52289 
7,5 0,21892 1,71564 1,86873 2,02181 2,17490 0,47237 0,52763 
7,6 0,21746 1,71641 1,86923 2,02204 2,17486 0,46767 0,53233 
7,7 0,21603 1,71716 1,86971 2,02227 2,17483 0,46301 0,53699 
7,8 0,21461 1,71789 1,87019 2,02250 2,17481 0,45841 0,54159 
7,9 0,21320 1,71860 1,87067 2,02273 2,17479 0,45384 0,54615 
8,0 0,21182 1,71930 1,87113 2,02296 2,17479 0,44933 0,55067 
8,1 0,21044 1,71998 1,87158 2,02319 2,17480 0,44486 0,55514 
8,2 0,20909 1,72064 1,87203 2,02342 2,17482 0,44043 0,55957 
8,3 0,20775 1,72128 1,87247 2,02366 2,17484 0,43605 0,56395 
8,4 0,20642 1,72191 1,87290 2,02389 2,17487 0,43171 0,56829 
8,5 0,20511 1,72253 1,87333 2,02412 2,17491 0,42741 0,57258 
8,6 0,20381 1,72313 1,87374 2,02435 2,17496 0,42316 0,57684 
8,7 0,20253 1,72372 1,87415 2,02458 2,17501 0,41895 0,58105 
8,8 0,20126 1,72429 1,87455 2,02481 2,17507 0,41478 0,58522 
8,9 0,20001 1,72486 1,87495 2,02504 2,17514 0,41066 0,58934 
9,0 0,19877 1,72540 1,87534 2,02528 2,17521 0,40657 0,59343 
9,1 0,19754 1,72594 1,87572 2,02551 2,17529 0,40252 0,59748 
9,2 0,19633 1,72646 1,87610 2,02574 2,17537 0,39852 0,60148 
9,3 0,19513 1,72698 1,87647 2,02596 2,17546 0,39455 0,60545 
9,4 0,19394 1,72748 1,87684 2,02619 2,17555 0,39063 0,60937 
9,5 0,19276 1,72797 1,87719 2,02642 2,17565 0,38674 0,61326 
9,6 0,19160 1,72845 1,87755 2,02665 2,17575 0,38289 0,61711 
9,7 0,19045 1,72891 1,87790 2,02688 2,17586 0,37908 0,62092 
9,8 0,18932 1,72937 1,87824 2,02710 2,17597 0,37531 0,62469 
9,9 0,18819 1,72982 1,87858 2,02733 2,17608 0,37158 0,62842 
10,0 0,18708 1,73026 1,87891 2,02755 2,17619 0,36788 0,63212 
10,1 0,18598 1,73069 1,87923 2,02777 2,17631 0,36422 0,63578 
10,2 0,18489 1,73112 1,87956 2,02800 2,17644 0,36059 0,63940 
10,3 0,18381 1,73153 1,87987 2,02822 2,17656 0,35701 0,64299 
10,4 0,18275 1,73193 1,88019 2,02844 2,17669 0,35345 0,64655 
10,5 0,18169 1,73233 1,88049 2,02866 2,17682 0,34994 0,65006 
10,6 0,18065 1,73272 1,88080 2,02888 2,17696 0,34646 0,65354 
10,7 0,17962 1,73310 1,88110 2,02909 2,17709 0,34301 0,65699 
10,8 0,17860 1,73347 1,88139 2,02931 2,17723 0,33960 0,66040 
10,9 0,17759 1,73384 1,88168 2,02952 2,17737 0,33622 0,66378 
11,0 0,17659 1,73420 1,88197 2,02974 2,17751 0,33287 0,66713 
11,1 0,17560 1,73455 1,88225 2,02995 2,17765 0,32956 0,67044 
11,2 0,17462 1,73489 1,88253 2,03016 2,17780 0,32628 0,67372 
11,3 0,17365 1,73523 1,88280 2,03037 2,17794 0,32303 0,67697 
11,4 0,17269 1,73556 1,88307 2,03058 2,17809 0,31982 0,68018 
11,5 0,17174 1,73589 1,88334 2,03079 2,17824 0,31664 0,68336 
11,6 0,17080 1,73621 1,88360 2,03100 2,17839 0,31349 0,68651 
11,7 0,16987 1,73652 1,88386 2,03120 2,17854 0,31037 0,68963 
11,8 0,16895 1,73683 1,88412 2,03140 2,17869 0,30728 0,69272 
11,9 0,16804 1,73713 1,88437 2,03161 2,17884 0,30422 0,69578 
12,0 0,16714 1,73743 1,88462 2,03181 2,17900 0,30119 0,69881 
12,1 0,16625 1,73772 1,88487 2,03201 2,17915 0,29820 0,70180 
12,2 0,16537 1,73801 1,88511 2,03221 2,17930 0,29523 0,70477 
12,3 0,16449 1,73829 1,88535 2,03240 2,17946 0,29229 0,70771 
12,4 0,16363 1,73857 1,88558 2,03260 2,17961 0,28938 0,71062 
12,5 0,16277 1,73884 1,88582 2,03279 2,17977 0,28650 0,71349 
12,6 0,16193 1,73911 1,88605 2,03299 2,17993 0,28365 0,71635 
12,7 0,16109 1,73937 1,88627 2,03318 2,18008 0,28083 0,71917 
12,8 0,16026 1,73963 1,88650 2,03337 2,18024 0,27804 0,72196 
12,9 0,15944 1,73988 1,88672 2,03356 2,18039 0,27527 0,72473 
13,0 0,15863 1,74013 1,88694 2,03375 2,18055 0,27253 0,72747 
13,1 0,15782 1,74038 1,88715 2,03393 2,18071 0,26982 0,73018 
13,2 0,15703 1,74062 1,88737 2,03412 2,18086 0,26714 0,73286 
13,3 0,15624 1,74086 1,88758 2,03430 2,18102 0,26448 0,73552 
13,4 0,15546 1,74109 1,88779 2,03448 2,18118 0,26185 0,73815 
13,5 0,15469 1,74132 1,88799 2,03466 2,18133 0,25924 0,74076 
13,6 0,15392 1,74155 1,88819 2,03484 2,18149 0,25666 0,74334 
13,7 0,15317 1,74177 1,88840 2,03502 2,18164 0,25411 0,74589 
13,8 0,15242 1,74199 1,88859 2,03519 2,18180 0,25158 0,74842 
13,9 0,15168 1,74221 1,88879 2,03537 2,18195 0,24908 0,75092 
14,0 0,15095 1,74242 1,88898 2,03554 2,18210 0,24660 0,75340 
14,1 0,15022 1,74263 1,88917 2,03572 2,18226 0,24414 0,75586 
14,2 0,14950 1,74284 1,88936 2,03589 2,18241 0,24171 0,75829 
14,3 0,14879 1,74304 1,88955 2,03606 2,18256 0,23931 0,76069 
14,4 0,14809 1,74324 1,88973 2,03622 2,18271 0,23693 0,76307 
14,5 0,14739 1,74344 1,88991 2,03639 2,18287 0,23457 0,76543 
14,6 0,14670 1,74363 1,89009 2,03656 2,18302 0,23224 0,76776 
14,7 0,14602 1,74382 1,89027 2,03672 2,18317 0,22993 0,77007 
14,8 0,14534 1,74401 1,89045 2,03688 2,18332 0,22764 0,77236 
14,9 0,14467 1,74420 1,89062 2,03704 2,18346 0,22537 0,77463 
15,0 0,14401 1,74438 1,89079 2,03720 2,18361 0,22313 0,77687 
15,1 0,14335 1,74456 1,89096 2,03736 2,18376 0,22091 0,77909 
15,2 0,14270 1,74474 1,89113 2,03752 2,18391 0,21871 0,78129 
15,3 0,14206 1,74492 1,89129 2,03767 2,18405 0,21654 0,78346 
15,4 0,14143 1,74509 1,89146 2,03783 2,18420 0,21438 0,78562 
15,5 0,14080 1,74526 1,89162 2,03798 2,18434 0,21225 0,78775 
15,6 0,14017 1,74543 1,89178 2,03813 2,18448 0,21014 0,78986 
15,7 0,13956 1,74559 1,89194 2,03828 2,18463 0,20805 0,79195 
15,8 0,13894 1,74576 1,89209 2,03843 2,18477 0,20597 0,79402 
15,9 0,13834 1,74592 1,89225 2,03858 2,18491 0,20393 0,79607 
16,0 0,13774 1,74608 1,89240 2,03873 2,18505 0,20190 0,79810 
16,1 0,13715 1,74624 1,89255 2,03887 2,18519 0,19989 0,80011 
16,2 0,13656 1,74639 1,89270 2,03901 2,18533 0,19790 0,80210 
16,3 0,13598 1,74654 1,89285 2,03916 2,18546 0,19593 0,80407 
16,4 0,13541 1,74670 1,89300 2,03930 2,18560 0,19398 0,80602 
16,5 0,13484 1,74684 1,89314 2,03944 2,18574 0,19205 0,80795 
16,6 0,13427 1,74699 1,89328 2,03958 2,18587 0,19014 0,80986 
16,7 0,13372 1,74714 1,89343 2,03971 2,18600 0,18825 0,81175 
16,8 0,13316 1,74728 1,89357 2,03985 2,18614 0,18637 0,81363 
16,9 0,13262 1,74742 1,89370 2,03999 2,18627 0,18452 0,81548 
17,0 0,13208 1,74756 1,89384 2,04012 2,18640 0,18268 0,81732 
17,1 0,13154 1,74770 1,89398 2,04025 2,18653 0,18087 0,81913 
17,2 0,13101 1,74784 1,89411 2,04038 2,18666 0,17907 0,82093 
17,3 0,13048 1,74797 1,89424 2,04051 2,18679 0,17728 0,82272 
17,4 0,12997 1,74810 1,89437 2,04064 2,18691 0,17552 0,82448 
17,5 0,12945 1,74823 1,89450 2,04077 2,18704 0,17377 0,82623 
17,6 0,12894 1,74836 1,89463 2,04090 2,18716 0,17204 0,82795 
17,7 0,12844 1,74849 1,89476 2,04102 2,18729 0,17033 0,82967 
17,8 0,12794 1,74862 1,89488 2,04115 2,18741 0,16864 0,83136 
17,9 0,12744 1,74874 1,89501 2,04127 2,18753 0,16696 0,83304 
18,0 0,12695 1,74887 1,89513 2,04139 2,18766 0,16530 0,83470 
18,1 0,12647 1,74899 1,89525 2,04151 2,18778 0,16365 0,83635 
18,2 0,12599 1,74911 1,89537 2,04163 2,18790 0,16203 0,83797 
18,3 0,12551 1,74923 1,89549 2,04175 2,18801 0,16041 0,83959 
18,4 0,12504 1,74934 1,89561 2,04187 2,18813 0,15882 0,84118 
18,5 0,12458 1,74946 1,89572 2,04199 2,18825 0,15724 0,84276 
18,6 0,12412 1,74958 1,89584 2,04210 2,18836 0,15567 0,84433 
18,7 0,12366 1,74969 1,89595 2,04221 2,18848 0,15412 0,84588 
18,8 0,12321 1,74980 1,89606 2,04233 2,18859 0,15259 0,84741 
18,9 0,12276 1,74991 1,89618 2,04244 2,18870 0,15107 0,84893 
19,0 0,12232 1,75002 1,89629 2,04255 2,18882 0,14957 0,85043 
19,1 0,12188 1,75013 1,89640 2,04266 2,18893 0,14808 0,85192 
19,2 0,12145 1,75024 1,89650 2,04277 2,18904 0,14661 0,85339 
19,3 0,12102 1,75034 1,89661 2,04288 2,18915 0,14515 0,85485 
19,4 0,12060 1,75045 1,89672 2,04299 2,18926 0,14370 0,85630 
19,5 0,12017 1,75055 1,89682 2,04309 2,18936 0,14227 0,85773 
19,6 0,11976 1,75065 1,89692 2,04320 2,18947 0,14086 0,85914 
19,7 0,11934 1,75075 1,89703 2,04330 2,18957 0,13946 0,86054 
19,8 0,11894 1,75085 1,89713 2,04340 2,18968 0,13807 0,86193 
19,9 0,11853 1,75095 1,89723 2,04350 2,18978 0,13670 0,86330 
